      0.00000      1.00000     0.277653
    0.0100000     0.995164     0.276310
    0.0200000     0.993397     0.275819
    0.0300000     0.987362     0.274144
    0.0400000      1.00240     0.278318
    0.0500000      1.00055     0.277804
    0.0600000     0.996330     0.276634
    0.0700000     0.972384     0.269985
    0.0800000      1.00373     0.278688
    0.0900000      1.00153     0.278076
     0.100000      1.01038     0.280535
     0.110000     0.996338     0.276636
     0.120000      1.01042     0.280547
     0.130000      1.00014     0.277690
     0.140000      1.00521     0.279099
     0.150000     0.983519     0.273077
     0.160000      1.00666     0.279501
     0.170000     0.963829     0.267610
     0.180000      1.00011     0.277682
     0.190000     0.973750     0.270364
     0.200000      1.01808     0.282673
     0.210000      1.03326     0.286886
     0.220000     0.997226     0.276882
     0.230000      1.01903     0.282936
     0.240000      1.06187     0.294830
     0.250000      1.03832     0.288292
     0.260000     0.987245     0.274111
     0.270000      1.07836     0.299409
     0.280000      1.11377     0.309240
     0.290000      1.04866     0.291163
     0.300000      1.03443     0.287212
     0.310000      1.00249     0.278343
     0.320000      1.08683     0.301762
     0.330000      1.08791     0.302061
     0.340000      1.07842     0.299427
     0.350000      1.10838     0.307744
     0.360000      1.16913     0.324612
     0.370000      1.03161     0.286430
     0.380000      1.17896     0.327342
     0.390000      1.07636     0.298855
     0.400000      1.07985     0.299823
     0.410000      1.10538     0.306911
     0.420000      1.06126     0.294663
     0.430000      1.10476     0.306739
     0.440000      1.22145     0.339138
     0.450000      1.28287     0.356192
     0.460000      1.15817     0.321568
     0.470000      1.20958     0.335844
     0.480000      1.13527     0.315210
     0.490000      1.14822     0.318806
     0.500000      1.15135     0.319675
     0.510000      1.17872     0.327274
     0.520000      1.38349     0.384129
     0.530000      1.20151     0.333601
     0.540000      1.42686     0.396170
     0.550000      1.37866     0.382789
     0.560000      1.42285     0.395057
     0.570000      1.47047     0.408279
     0.580000      1.24994     0.347049
     0.590000      1.32434     0.367708
     0.600000      1.51050     0.419393
     0.610000      1.37727     0.382401
     0.620000      1.44606     0.401501
     0.630000      1.38378     0.384210
     0.640000      1.30788     0.363135
     0.650000      1.49992     0.416456
     0.660000      1.47746     0.410219
     0.670000      1.60717     0.446235
     0.680000      1.45836     0.404918
     0.690000      1.61423     0.448195
     0.700000      1.62457     0.451066
     0.710000      1.70570     0.473591
     0.720000      1.53046     0.424936
     0.730000      1.51344     0.420211
     0.740000      1.51259     0.419974
     0.750000      1.68905     0.468969
     0.760000      1.85945     0.516281
     0.770000      1.87619     0.520930
     0.780000      1.62004     0.449809
     0.790000      1.68966     0.469138
     0.800000      1.56446     0.434375
     0.810000      1.71659     0.476616
     0.820000      1.70185     0.472524
     0.830000      1.90947     0.530171
     0.840000      1.94061     0.538816
     0.850000      1.89414     0.525914
     0.860000      1.77001     0.491448
     0.870000      2.03873     0.566058
     0.880000      2.11618     0.587563
     0.890000      2.15550     0.598481
     0.900000      2.01345     0.532634
     0.910000      2.02865     0.536655
     0.920000      1.85165     0.489832
     0.930000      2.25263     0.595907
     0.940000      2.18740     0.578652
     0.950000      1.92465     0.509144
     0.960000      2.24427     0.593695
     0.970000      2.35340     0.622564
     0.980000      2.37689     0.628778
     0.990000      2.21037     0.584729
      1.00000      2.49032     0.658785
      1.01000      2.48792     0.658151
      1.02000      2.21439     0.585792
      1.03000      2.11917     0.560601
      1.04000      2.51235     0.664614
      1.05000      2.17576     0.575573
      1.06000      2.54466     0.673160
      1.07000      2.55742     0.676537
      1.08000      2.48415     0.657153
      1.09000      2.46366     0.651732
      1.10000      2.78565     0.736912
      1.11000      2.53407     0.670359
      1.12000      2.56009     0.677243
      1.13000      2.56847     0.679460
      1.14000      2.86576     0.758105
      1.15000      2.43374     0.643818
      1.16000      2.67660     0.708064
      1.17000      2.90068     0.767341
      1.18000      2.67574     0.707837
      1.19000      2.98670     0.790096
      1.20000      3.09860     0.819699
      1.21000      2.87341     0.760129
      1.22000      2.98003     0.788332
      1.23000      2.68514     0.710322
      1.24000      2.87587     0.760779
      1.25000      3.03559     0.803030
      1.26000      3.12047     0.825484
      1.27000      3.07607     0.813738
      1.28000      3.42563     0.906211
      1.29000      3.00241     0.794253
      1.30000      3.18667     0.842996
      1.31000      3.54445     0.937643
      1.32000      3.17550     0.840041
      1.33000      3.56027     0.941829
      1.34000      3.34842     0.885787
      1.35000      3.19888     0.846226
      1.36000      3.13208     0.828555
      1.37000      3.79494      1.00391
      1.38000      3.45188     0.913154
      1.39000      3.28438     0.868844
      1.40000      3.30762     0.874992
      1.41000      3.60089     0.952575
      1.42000      3.92699      1.03884
      1.43000      3.74704     0.991237
      1.44000      4.01012      1.06083
      1.45000      3.50695     0.927724
      1.46000      3.60800     0.954456
      1.47000      3.96383      1.04858
      1.48000      3.99132      1.05586
      1.49000      3.92902      1.03938
      1.50000      4.25098      1.12455
      1.51000      3.92766      1.03902
      1.52000      3.76069     0.994848
      1.53000      4.23499      1.12032
      1.54000      4.28962      1.13477
      1.55000      4.16122      1.10080
      1.56000      4.06477      1.07529
      1.57000      4.19665      1.11018
      1.58000      4.17106      1.10341
      1.59000      4.69173      1.24114
      1.60000      4.13336      1.09343
      1.61000      4.33254      1.14612
      1.62000      4.43143      1.17228
      1.63000      4.45743      1.17916
      1.64000      4.41863      1.16890
      1.65000      4.79175      1.26760
      1.66000      4.84381      1.28138
      1.67000      4.54605      1.20261
      1.68000      5.00686      1.32451
      1.69000      4.98288      1.31816
      1.70000      4.57350      1.20987
      1.71000      4.74252      1.25458
      1.72000      5.06944      1.34106
      1.73000      4.72699      1.25047
      1.74000      4.70199      1.24386
      1.75000      5.58354      1.47706
      1.76000      5.06257      1.33924
      1.77000      5.25852      1.39108
      1.78000      5.19929      1.37541
      1.79000      5.74011      1.51848
      1.80000      5.75673      1.52288
      1.81000      5.20196      1.37612
      1.82000      5.10457      1.35035
      1.83000      5.96473      1.57790
      1.84000      5.66448      1.49847
      1.85000      5.80509      1.53567
      1.86000      5.65150      1.49504
      1.87000      5.36473      1.41918
      1.88000      5.91795      1.56553
      1.89000      5.99924      1.58703
      1.90000      6.18982      1.60734
      1.91000      5.74356      1.49146
      1.92000      5.66236      1.47037
      1.93000      5.84276      1.51722
      1.94000      6.08893      1.58114
      1.95000      6.40992      1.66450
      1.96000      6.75959      1.75530
      1.97000      6.06020      1.57368
      1.98000      6.26963      1.62807
      1.99000      6.78798      1.76267
