      1950.00      1.00000      23.4900
      1950.00      2.00000      24.5600
      1950.00      3.00000      25.5900
      1950.00      4.00000      23.8400
      1950.00      5.00000      23.4100
      1950.00      6.00000      21.7000
      1950.00      7.00000      20.7400
      1950.00      8.00000      20.5200
      1950.00      9.00000      19.8200
      1950.00      10.0000      20.1900
      1950.00      11.0000      20.4600
      1950.00      12.0000      21.9200
      1951.00      1.00000      25.1300
      1951.00      2.00000      25.4400
      1951.00      3.00000      25.9000
      1951.00      4.00000      25.2900
      1951.00      5.00000      24.9000
      1951.00      6.00000      24.5600
      1951.00      7.00000      24.0400
      1951.00      8.00000      22.4300
      1951.00      9.00000      21.5200
      1951.00      10.0000      22.2000
      1951.00      11.0000      22.9000
      1951.00      12.0000      23.0100
      1952.00      1.00000      24.4700
      1952.00      2.00000      26.4200
      1952.00      3.00000      26.5100
      1952.00      4.00000      24.5400
      1952.00      5.00000      23.6900
      1952.00      6.00000      22.3500
      1952.00      7.00000      20.7400
      1952.00      8.00000      19.9500
      1952.00      9.00000      20.1200
      1952.00      10.0000      20.4500
      1952.00      11.0000      20.7200
      1952.00      12.0000      22.5300
      1953.00      1.00000      24.1900
      1953.00      2.00000      26.3300
      1953.00      3.00000      27.2100
      1953.00      4.00000      26.8500
      1953.00      5.00000      25.2400
      1953.00      6.00000      23.7400
      1953.00      7.00000      22.4500
      1953.00      8.00000      21.6800
      1953.00      9.00000      21.4900
      1953.00      10.0000      21.0800
      1953.00      11.0000      22.0700
      1953.00      12.0000      22.4700
      1954.00      1.00000      23.0600
      1954.00      2.00000      25.2200
      1954.00      3.00000      25.8300
      1954.00      4.00000      23.0500
      1954.00      5.00000      21.7900
      1954.00      6.00000      21.0200
      1954.00      7.00000      19.8900
      1954.00      8.00000      19.7800
      1954.00      9.00000      19.2300
      1954.00      10.0000      19.2000
      1954.00      11.0000      20.4700
      1954.00      12.0000      21.2500
      1955.00      1.00000      23.7000
      1955.00      2.00000      24.6400
      1955.00      3.00000      25.5100
      1955.00      4.00000      24.3400
      1955.00      5.00000      22.5300
      1955.00      6.00000      21.1200
      1955.00      7.00000      20.5600
      1955.00      8.00000      19.7500
      1955.00      9.00000      19.4700
      1955.00      10.0000      19.3500
      1955.00      11.0000      20.0000
      1955.00      12.0000      21.1000
      1956.00      1.00000      23.6700
      1956.00      2.00000      24.7800
      1956.00      3.00000      25.7600
      1956.00      4.00000      25.0600
      1956.00      5.00000      23.3000
      1956.00      6.00000      22.2900
      1956.00      7.00000      21.6200
      1956.00      8.00000      20.6600
      1956.00      9.00000      19.9800
      1956.00      10.0000      19.8400
      1956.00      11.0000      20.8600
      1956.00      12.0000      21.6000
      1957.00      1.00000      23.2500
      1957.00      2.00000      26.3200
      1957.00      3.00000      27.4700
      1957.00      4.00000      26.8600
      1957.00      5.00000      26.2900
      1957.00      6.00000      24.9200
      1957.00      7.00000      23.8200
      1957.00      8.00000      22.3300
      1957.00      9.00000      21.8800
      1957.00      10.0000      21.7600
      1957.00      11.0000      22.4000
      1957.00      12.0000      23.7500
      1958.00      1.00000      24.9600
      1958.00      2.00000      26.7400
      1958.00      3.00000      27.0700
      1958.00      4.00000      26.4500
      1958.00      5.00000      25.0800
      1958.00      6.00000      23.0400
      1958.00      7.00000      22.3800
      1958.00      8.00000      20.5600
      1958.00      9.00000      20.7200
      1958.00      10.0000      20.9600
      1958.00      11.0000      21.6400
      1958.00      12.0000      22.4700
      1959.00      1.00000      24.0900
      1959.00      2.00000      25.6800
      1959.00      3.00000      27.0700
      1959.00      4.00000      25.8900
      1959.00      5.00000      24.2600
      1959.00      6.00000      22.6300
      1959.00      7.00000      21.4500
      1959.00      8.00000      20.3400
      1959.00      9.00000      20.4100
      1959.00      10.0000      20.9100
      1959.00      11.0000      21.9900
      1959.00      12.0000      22.6900
      1960.00      1.00000      24.5700
      1960.00      2.00000      25.7200
      1960.00      3.00000      26.1500
      1960.00      4.00000      24.7200
      1960.00      5.00000      23.7600
      1960.00      6.00000      22.1500
      1960.00      7.00000      21.0100
      1960.00      8.00000      20.3700
      1960.00      9.00000      20.5400
      1960.00      10.0000      20.2200
      1960.00      11.0000      20.9100
      1960.00      12.0000      22.7400
      1961.00      1.00000      24.4500
      1961.00      2.00000      26.5500
      1961.00      3.00000      25.9100
      1961.00      4.00000      24.9700
      1961.00      5.00000      23.7100
      1961.00      6.00000      22.3900
      1961.00      7.00000      20.5500
      1961.00      8.00000      19.9600
      1961.00      9.00000      19.7500
      1961.00      10.0000      20.0000
      1961.00      11.0000      21.0700
      1961.00      12.0000      22.0600
      1962.00      1.00000      24.1100
      1962.00      2.00000      25.5500
      1962.00      3.00000      24.6300
      1962.00      4.00000      23.5700
      1962.00      5.00000      23.4800
      1962.00      6.00000      21.8500
      1962.00      7.00000      20.5700
      1962.00      8.00000      20.3700
      1962.00      9.00000      20.1600
      1962.00      10.0000      19.9200
      1962.00      11.0000      20.8800
      1962.00      12.0000      21.8300
      1963.00      1.00000      24.1100
      1963.00      2.00000      25.3600
      1963.00      3.00000      25.8800
      1963.00      4.00000      24.5400
      1963.00      5.00000      24.1700
      1963.00      6.00000      22.6000
      1963.00      7.00000      22.0100
      1963.00      8.00000      21.4500
      1963.00      9.00000      21.1500
      1963.00      10.0000      21.0000
      1963.00      11.0000      21.9200
      1963.00      12.0000      22.8300
      1964.00      1.00000      24.1700
      1964.00      2.00000      24.9800
      1964.00      3.00000      25.0400
      1964.00      4.00000      24.5300
      1964.00      5.00000      21.9600
      1964.00      6.00000      21.2700
      1964.00      7.00000      20.4300
      1964.00      8.00000      19.2000
      1964.00      9.00000      19.5100
      1964.00      10.0000      19.9600
      1964.00      11.0000      20.9200
      1964.00      12.0000      21.8500
      1965.00      1.00000      24.1900
      1965.00      2.00000      25.9500
      1965.00      3.00000      26.6800
      1965.00      4.00000      27.1000
      1965.00      5.00000      26.0400
      1965.00      6.00000      24.5700
      1965.00      7.00000      23.3400
      1965.00      8.00000      22.0200
      1965.00      9.00000      21.3800
      1965.00      10.0000      21.6700
      1965.00      11.0000      22.3000
      1965.00      12.0000      23.4500
      1966.00      1.00000      25.2700
      1966.00      2.00000      25.9200
      1966.00      3.00000      25.4100
      1966.00      4.00000      24.1800
      1966.00      5.00000      23.0700
      1966.00      6.00000      21.8400
      1966.00      7.00000      20.8100
      1966.00      8.00000      20.2700
      1966.00      9.00000      19.6200
      1966.00      10.0000      20.6400
      1966.00      11.0000      21.0700
      1966.00      12.0000      22.3200
      1967.00      1.00000      23.7700
      1967.00      2.00000      25.6400
      1967.00      3.00000      25.7500
      1967.00      4.00000      25.2300
      1967.00      5.00000      23.8900
      1967.00      6.00000      22.1800
      1967.00      7.00000      20.9900
      1967.00      8.00000      19.7300
      1967.00      9.00000      19.1800
      1967.00      10.0000      19.4100
      1967.00      11.0000      20.2100
      1967.00      12.0000      21.3000
      1968.00      1.00000      23.1700
      1968.00      2.00000      24.7900
      1968.00      3.00000      25.1700
      1968.00      4.00000      24.0900
      1968.00      5.00000      22.5400
      1968.00      6.00000      21.6000
      1968.00      7.00000      21.1300
      1968.00      8.00000      20.7300
      1968.00      9.00000      20.8600
      1968.00      10.0000      21.1600
      1968.00      11.0000      21.3500
      1968.00      12.0000      22.9900
      1969.00      1.00000      24.7600
      1969.00      2.00000      25.5500
      1969.00      3.00000      26.8800
      1969.00      4.00000      26.4200
      1969.00      5.00000      25.9700
      1969.00      6.00000      24.3000
      1969.00      7.00000      22.2400
      1969.00      8.00000      21.0100
      1969.00      9.00000      20.6800
      1969.00      10.0000      21.8000
      1969.00      11.0000      22.3300
      1969.00      12.0000      23.4500
      1970.00      1.00000      24.9200
      1970.00      2.00000      25.6300
      1970.00      3.00000      25.5700
      1970.00      4.00000      24.4800
      1970.00      5.00000      23.1300
      1970.00      6.00000      21.3300
      1970.00      7.00000      19.7000
      1970.00      8.00000      19.3000
      1970.00      9.00000      19.4900
      1970.00      10.0000      20.2900
      1970.00      11.0000      20.3200
      1970.00      12.0000      21.7900
      1971.00      1.00000      23.3200
      1971.00      2.00000      24.6600
      1971.00      3.00000      24.9100
      1971.00      4.00000      25.1000
      1971.00      5.00000      22.9600
      1971.00      6.00000      21.8600
      1971.00      7.00000      21.2600
      1971.00      8.00000      19.8600
      1971.00      9.00000      19.7900
      1971.00      10.0000      20.0700
      1971.00      11.0000      21.1300
      1971.00      12.0000      21.9600
      1972.00      1.00000      24.6200
      1972.00      2.00000      26.8100
      1972.00      3.00000      27.3100
      1972.00      4.00000      26.3500
      1972.00      5.00000      25.5100
      1972.00      6.00000      24.8600
      1972.00      7.00000      24.0700
      1972.00      8.00000      23.2700
      1972.00      9.00000      22.1200
      1972.00      10.0000      22.5600
      1972.00      11.0000      23.4000
      1972.00      12.0000      24.6900
      1973.00      1.00000      26.3300
      1973.00      2.00000      26.5000
      1973.00      3.00000      26.1500
      1973.00      4.00000      24.5200
      1973.00      5.00000      23.4700
      1973.00      6.00000      21.5100
      1973.00      7.00000      20.7500
      1973.00      8.00000      19.4700
      1973.00      9.00000      19.2400
      1973.00      10.0000      19.6800
      1973.00      11.0000      20.7100
      1973.00      12.0000      21.6100
      1974.00      1.00000      23.3200
      1974.00      2.00000      24.9200
      1974.00      3.00000      26.0400
      1974.00      4.00000      25.2900
      1974.00      5.00000      24.4200
      1974.00      6.00000      22.6800
      1974.00      7.00000      21.6000
      1974.00      8.00000      20.4700
      1974.00      9.00000      19.9100
      1974.00      10.0000      20.0200
      1974.00      11.0000      20.9500
      1974.00      12.0000      21.4100
      1975.00      1.00000      23.6700
      1975.00      2.00000      24.9000
      1975.00      3.00000      26.1700
      1975.00      4.00000      25.4400
      1975.00      5.00000      23.3600
      1975.00      6.00000      21.7100
      1975.00      7.00000      20.9800
      1975.00      8.00000      20.0500
      1975.00      9.00000      18.8000
      1975.00      10.0000      19.1300
      1975.00      11.0000      19.6100
      1975.00      12.0000      20.9400
      1976.00      1.00000      23.7300
      1976.00      2.00000      25.6300
      1976.00      3.00000      26.2100
      1976.00      4.00000      25.7800
      1976.00      5.00000      25.3300
      1976.00      6.00000      24.4000
      1976.00      7.00000      23.4600
      1976.00      8.00000      22.1900
      1976.00      9.00000      21.6700
      1976.00      10.0000      21.5200
      1976.00      11.0000      22.0000
      1976.00      12.0000      23.6900
      1977.00      1.00000      25.3100
      1977.00      2.00000      25.9700
      1977.00      3.00000      26.3500
      1977.00      4.00000      25.2500
      1977.00      5.00000      23.9500
      1977.00      6.00000      22.8200
      1977.00      7.00000      21.7500
      1977.00      8.00000      20.2800
      1977.00      9.00000      19.8500
      1977.00      10.0000      20.9800
      1977.00      11.0000      21.6500
      1977.00      12.0000      22.4900
      1978.00      1.00000      24.3300
      1978.00      2.00000      25.9900
      1978.00      3.00000      25.5400
      1978.00      4.00000      25.0300
      1978.00      5.00000      23.4700
      1978.00      6.00000      22.0900
      1978.00      7.00000      21.1100
      1978.00      8.00000      20.0300
      1978.00      9.00000      19.8600
      1978.00      10.0000      20.3500
      1978.00      11.0000      21.9900
      1978.00      12.0000      23.3000
      1979.00      1.00000      24.7700
      1979.00      2.00000      25.7000
      1979.00      3.00000      26.2600
      1979.00      4.00000      25.3900
      1979.00      5.00000      24.1300
      1979.00      6.00000      23.2900
      1979.00      7.00000      22.1800
      1979.00      8.00000      21.2000
      1979.00      9.00000      21.3000
      1979.00      10.0000      21.6100
      1979.00      11.0000      22.2000
      1979.00      12.0000      23.2500
      1980.00      1.00000      24.7700
      1980.00      2.00000      25.7700
      1980.00      3.00000      26.6100
      1980.00      4.00000      25.8000
      1980.00      5.00000      24.5400
      1980.00      6.00000      23.2700
      1980.00      7.00000      21.5200
      1980.00      8.00000      20.7700
      1980.00      9.00000      20.6600
      1980.00      10.0000      20.3600
      1980.00      11.0000      21.5600
      1980.00      12.0000      22.5400
      1981.00      1.00000      23.4800
      1981.00      2.00000      25.2100
      1981.00      3.00000      26.3100
      1981.00      4.00000      25.0300
      1981.00      5.00000      24.0600
      1981.00      6.00000      22.7500
      1981.00      7.00000      21.3800
      1981.00      8.00000      20.5200
      1981.00      9.00000      19.9300
      1981.00      10.0000      20.5500
      1981.00      11.0000      21.4100
      1981.00      12.0000      23.0000
      1982.00      1.00000      24.2900
      1982.00      2.00000      25.4900
      1982.00      3.00000      25.2100
      1982.00      4.00000      24.5000
      1982.00      5.00000      23.9700
      1982.00      6.00000      22.8900
      1982.00      7.00000      22.4700
      1982.00      8.00000      21.7500
      1982.00      9.00000      21.8000
      1982.00      10.0000      22.9400
      1982.00      11.0000      24.5900
      1982.00      12.0000      26.1300
      1983.00      1.00000      27.4200
      1983.00      2.00000      28.0900
      1983.00      3.00000      28.6800
      1983.00      4.00000      28.5600
      1983.00      5.00000      28.1900
      1983.00      6.00000      27.4400
      1983.00      7.00000      25.9500
      1983.00      8.00000      23.7800
      1983.00      9.00000      22.2400
      1983.00      10.0000      21.8600
      1983.00      11.0000      21.9000
      1983.00      12.0000      23.0100
      1984.00      1.00000      24.1800
      1984.00      2.00000      25.1800
      1984.00      3.00000      26.0000
      1984.00      4.00000      25.1600
      1984.00      5.00000      23.2300
      1984.00      6.00000      21.9600
      1984.00      7.00000      21.2400
      1984.00      8.00000      20.1700
      1984.00      9.00000      20.3700
      1984.00      10.0000      20.5200
      1984.00      11.0000      21.5000
      1984.00      12.0000      22.5800
      1985.00      1.00000      23.5900
      1985.00      2.00000      24.8700
      1985.00      3.00000      25.7400
      1985.00      4.00000      24.2500
      1985.00      5.00000      22.2900
      1985.00      6.00000      21.7500
      1985.00      7.00000      20.4400
      1985.00      8.00000      19.2900
      1985.00      9.00000      19.4400
      1985.00      10.0000      19.9000
      1985.00      11.0000      20.6900
      1985.00      12.0000      22.4000
      1986.00      1.00000      24.6100
      1986.00      2.00000      26.0600
      1986.00      3.00000      25.9100
      1986.00      4.00000      24.5800
      1986.00      5.00000      23.3800
      1986.00      6.00000      21.9800
      1986.00      7.00000      21.1200
      1986.00      8.00000      20.9700
      1986.00      9.00000      20.4400
      1986.00      10.0000      21.0700
      1986.00      11.0000      22.0300
      1986.00      12.0000      23.0000
      1987.00      1.00000      25.3000
      1987.00      2.00000      27.1400
      1987.00      3.00000      28.0100
      1987.00      4.00000      27.1700
      1987.00      5.00000      25.5800
      1987.00      6.00000      24.0600
      1987.00      7.00000      22.7800
      1987.00      8.00000      21.7300
      1987.00      9.00000      21.4500
      1987.00      10.0000      22.3900
      1987.00      11.0000      22.6300
      1987.00      12.0000      23.4700
      1988.00      1.00000      24.6400
      1988.00      2.00000      25.7400
      1988.00      3.00000      25.7800
      1988.00      4.00000      24.5400
      1988.00      5.00000      23.6000
      1988.00      6.00000      21.2700
      1988.00      7.00000      20.2600
      1988.00      8.00000      19.1200
      1988.00      9.00000      19.1900
      1988.00      10.0000      19.5000
      1988.00      11.0000      20.5500
      1988.00      12.0000      21.8000
      1989.00      1.00000      24.0900
      1989.00      2.00000      26.2600
      1989.00      3.00000      26.6600
      1989.00      4.00000      25.6300
      1989.00      5.00000      23.1800
      1989.00      6.00000      22.0000
      1989.00      7.00000      21.1200
      1989.00      8.00000      20.3200
      1989.00      9.00000      19.8700
      1989.00      10.0000      20.3300
      1989.00      11.0000      21.3100
      1989.00      12.0000      22.1900
      1990.00      1.00000      24.0200
      1990.00      2.00000      25.8800
      1990.00      3.00000      26.1600
      1990.00      4.00000      25.2200
      1990.00      5.00000      24.0500
      1990.00      6.00000      22.6800
      1990.00      7.00000      21.0000
      1990.00      8.00000      20.2500
      1990.00      9.00000      20.1300
      1990.00      10.0000      20.2800
      1990.00      11.0000      20.8400
      1990.00      12.0000      22.4500
      1991.00      1.00000      23.8600
      1991.00      2.00000      25.9700
      1991.00      3.00000      26.5100
      1991.00      4.00000      24.9900
      1991.00      5.00000      24.3700
      1991.00      6.00000      23.0500
      1991.00      7.00000      22.0500
      1991.00      8.00000      21.0800
      1991.00      9.00000      20.7500
      1991.00      10.0000      21.1300
      1991.00      11.0000      22.1800
      1991.00      12.0000      23.4300
      1992.00      1.00000      24.8300
      1992.00      2.00000      26.6800
      1992.00      3.00000      27.7600
      1992.00      4.00000      27.6800
      1992.00      5.00000      26.3100
      1992.00      6.00000      23.8200
      1992.00      7.00000      21.9500
      1992.00      8.00000      20.5500
      1992.00      9.00000      20.0600
      1992.00      10.0000      20.8200
      1992.00      11.0000      21.4900
      1992.00      12.0000      22.4800
      1993.00      1.00000      24.4300
      1993.00      2.00000      26.4900
      1993.00      3.00000      27.1700
      1993.00      4.00000      26.4400
      1993.00      5.00000      25.1500
      1993.00      6.00000      23.7600
      1993.00      7.00000      22.0600
      1993.00      8.00000      21.0500
      1993.00      9.00000      20.8300
      1993.00      10.0000      20.9900
      1993.00      11.0000      21.6400
      1993.00      12.0000      22.7500
      1994.00      1.00000      24.3200
      1994.00      2.00000      25.7900
      1994.00      3.00000      25.4300
      1994.00      4.00000      24.3200
      1994.00      5.00000      23.2200
      1994.00      6.00000      22.4300
      1994.00      7.00000      21.2100
      1994.00      8.00000      19.7000
      1994.00      9.00000      20.1600
      1994.00      10.0000      21.5300
      1994.00      11.0000      22.4100
      1994.00      12.0000      23.6100
      1995.00      1.00000      25.3300
      1995.00      2.00000      26.4300
      1995.00      3.00000      26.1200
      1995.00      4.00000      24.4700
      1995.00      5.00000      23.1000
      1995.00      6.00000      22.4500
      1995.00      7.00000      21.2300
      1995.00      8.00000      20.0100
      1995.00      9.00000      20.1700
      1995.00      10.0000      20.1500
      1995.00      11.0000      21.2000
      1995.00      12.0000      22.0200
      1996.00      1.00000      23.8400
      1996.00      2.00000      25.7100
      1996.00      3.00000      26.0900
      1996.00      4.00000      23.8500
      1996.00      5.00000      22.8900
      1996.00      6.00000      21.5600
      1996.00      7.00000      20.0200
      1996.00      8.00000      19.5300
      1996.00      9.00000      19.2400
      1996.00      10.0000      19.9500
      1996.00      11.0000      20.2600
      1996.00      12.0000      21.6100
      1997.00      1.00000      23.6700
      1997.00      2.00000      25.7400
      1997.00      3.00000      26.9500
      1997.00      4.00000      26.6400
      1997.00      5.00000      26.7100
      1997.00      6.00000      26.2700
      1997.00      7.00000      25.5900
      1997.00      8.00000      24.8000
      1997.00      9.00000      24.4000
      1997.00      10.0000      24.5800
      1997.00      11.0000      25.6300
      1997.00      12.0000      26.9200
      1998.00      1.00000      28.2200
      1998.00      2.00000      28.9800
      1998.00      3.00000      29.1500
      1998.00      4.00000      28.6100
      1998.00      5.00000      27.6900
      1998.00      6.00000      25.1800
      1998.00      7.00000      23.4300
      1998.00      8.00000      21.7700
      1998.00      9.00000      20.8700
      1998.00      10.0000      21.1600
      1998.00      11.0000      21.4300
      1998.00      12.0000      22.5600
      1999.00      1.00000      23.7300
      1999.00      2.00000      25.6400
      1999.00      3.00000      26.6200
      1999.00      4.00000      24.3000
      1999.00      5.00000      23.4600
      1999.00      6.00000      21.8300
      1999.00      7.00000      20.4400
      1999.00      8.00000      19.7500
      1999.00      9.00000      19.2300
      1999.00      10.0000      20.0500
      1999.00      11.0000      20.5100
      1999.00      12.0000      21.7200
      2000.00      1.00000      23.8600
      2000.00      2.00000      25.7100
      2000.00      3.00000      26.1900
      2000.00      4.00000      25.8400
      2000.00      5.00000      24.1000
      2000.00      6.00000      22.2500
      2000.00      7.00000      20.5900
      2000.00      8.00000      20.1000
      2000.00      9.00000      19.9400
      2000.00      10.0000      20.3700
      2000.00      11.0000      20.6000
      2000.00      12.0000      22.2200
      2001.00      1.00000      23.8800
      2001.00      2.00000      25.9100
      2001.00      3.00000      27.4400
      2001.00      4.00000      26.6900
      2001.00      5.00000      23.7700
      2001.00      6.00000      21.7400
      2001.00      7.00000      20.8800
      2001.00      8.00000      19.9000
      2001.00      9.00000      19.3900
      2001.00      10.0000      19.5200
      2001.00      11.0000      20.4900
      2001.00      12.0000      21.9600
      2002.00      1.00000      23.6400
      2002.00      2.00000      26.0600
      2002.00      3.00000      27.5300
      2002.00      4.00000      26.5300
      2002.00      5.00000      24.8000
      2002.00      6.00000      22.6700
      2002.00      7.00000      21.0100
      2002.00      8.00000      19.9400
      2002.00      9.00000      19.8900
      2002.00      10.0000      21.1600
      2002.00      11.0000      22.2500
      2002.00      12.0000      23.4400
      2003.00      1.00000      24.3800
      2003.00      2.00000      25.8100
      2003.00      3.00000      25.9700
      2003.00      4.00000      24.4400
      2003.00      5.00000      22.4900
      2003.00      6.00000      21.5800
      2003.00      7.00000      20.7500
      2003.00      8.00000      20.1400
      2003.00      9.00000      20.0000
      2003.00      10.0000      20.9900
      2003.00      11.0000      21.9200
      2003.00      12.0000      22.9900
      2004.00      1.00000      24.6000
      2004.00      2.00000      25.8100
      2004.00      3.00000      25.9400
      2004.00      4.00000      25.3200
      2004.00      5.00000      23.0500
      2004.00      6.00000      21.6000
      2004.00      7.00000      20.7100
      2004.00      8.00000      19.6200
      2004.00      9.00000      20.0700
      2004.00      10.0000      20.9200
      2004.00      11.0000      21.9600
      2004.00      12.0000      22.9400
      2005.00      1.00000      24.4700
      2005.00      2.00000      25.4900
      2005.00      3.00000      25.6000
      2005.00      4.00000      24.9000
      2005.00      5.00000      24.4000
      2005.00      6.00000      22.4700
      2005.00      7.00000      21.1800
      2005.00      8.00000      20.6100
      2005.00      9.00000      19.7100
      2005.00      10.0000      19.7200
      2005.00      11.0000      20.6200
      2005.00      12.0000      22.2900
      2006.00      1.00000      24.3300
      2006.00      2.00000      26.4600
      2006.00      3.00000      26.7700
      2006.00      4.00000      24.1500
      2006.00      5.00000      23.8600
      2006.00      6.00000      22.7700
      2006.00      7.00000      22.1900
      2006.00      8.00000      21.5900
      2006.00      9.00000      21.4300
      2006.00      10.0000      22.2200
      2006.00      11.0000      22.6900
      2006.00      12.0000      23.4500
      2007.00      1.00000      24.9900
      2007.00      2.00000      26.2400
      2007.00      3.00000      25.7400
      2007.00      4.00000      24.3000
      2007.00      5.00000      22.7300
      2007.00      6.00000      21.5900
      2007.00      7.00000      20.2700
      2007.00      8.00000      19.1600
      2007.00      9.00000      18.5700
      2007.00      10.0000      18.8000
      2007.00      11.0000      19.4900
      2007.00      12.0000      21.0200
      2008.00      1.00000      23.8600
      2008.00      2.00000      26.3200
      2008.00      3.00000      27.3000
      2008.00      4.00000      25.8900
      2008.00      5.00000      24.4100
      2008.00      6.00000      23.5500
      2008.00      7.00000      22.6300
      2008.00      8.00000      21.7900
      2008.00      9.00000      21.1900
      2008.00      10.0000      20.7500
      2008.00      11.0000      21.4400
      2008.00      12.0000      22.4300
      2009.00      1.00000      24.4200
      2009.00      2.00000      26.0300
      2009.00      3.00000      26.3800
      2009.00      4.00000      25.9800
      2009.00      5.00000      24.8300
      2009.00      6.00000      23.7300
      2009.00      7.00000      22.6300
      2009.00      8.00000      21.6400
      2009.00      9.00000      20.8200
      2009.00      10.0000      20.9600
      2009.00      11.0000      22.1100
      2009.00      12.0000      23.1600
      2010.00      1.00000      24.8200
      2010.00      2.00000      26.0800
      2010.00      3.00000      26.2400
      2010.00      4.00000      26.0500
      2010.00      5.00000      24.2800
      2010.00      6.00000      22.6000
      2010.00      7.00000      20.0800
      2010.00      8.00000      19.2700
      2010.00      9.00000      18.9000
      2010.00      10.0000      19.0600
      2010.00      11.0000      20.0300
      2010.00      12.0000      21.4800
