0.000000e+00	0.000000e+00	5.000000e-01
7.000000e-03	3.499979e-03	4.999908e-01
1.500000e-02	7.499789e-03	4.999578e-01
2.300000e-02	1.149924e-02	4.999008e-01
3.100000e-02	1.549814e-02	4.998198e-01
3.900000e-02	1.949629e-02	4.997148e-01
4.700000e-02	2.349351e-02	4.995859e-01
5.500000e-02	2.748960e-02	4.994329e-01
6.300000e-02	3.148437e-02	4.992560e-01
7.100000e-02	3.547764e-02	4.990551e-01
7.900000e-02	3.946919e-02	4.988303e-01
8.700000e-02	4.345886e-02	4.985816e-01
9.500000e-02	4.744643e-02	4.983089e-01
1.030000e-01	5.143173e-02	4.980123e-01
1.110000e-01	5.541457e-02	4.976918e-01
1.190000e-01	5.939474e-02	4.973474e-01
1.270000e-01	6.337206e-02	4.969792e-01
1.350000e-01	6.734634e-02	4.965871e-01
1.430000e-01	7.131739e-02	4.961713e-01
1.510000e-01	7.528502e-02	4.957316e-01
1.590000e-01	7.924903e-02	4.952681e-01
1.670000e-01	8.320925e-02	4.947809e-01
1.750000e-01	8.716547e-02	4.942700e-01
1.830000e-01	9.111750e-02	4.937354e-01
1.910000e-01	9.506517e-02	4.931771e-01
1.990000e-01	9.900827e-02	4.925952e-01
2.070000e-01	1.029466e-01	4.919897e-01
2.150000e-01	1.068800e-01	4.913606e-01
2.230000e-01	1.108083e-01	4.907080e-01
2.310000e-01	1.147313e-01	4.900318e-01
2.390000e-01	1.186488e-01	4.893322e-01
2.470000e-01	1.225606e-01	4.886092e-01
2.550000e-01	1.264665e-01	4.878628e-01
2.630000e-01	1.303663e-01	4.870930e-01
2.710000e-01	1.342599e-01	4.862999e-01
2.790000e-01	1.381470e-01	4.854835e-01
2.870000e-01	1.420276e-01	4.846439e-01
2.950000e-01	1.459013e-01	4.837812e-01
3.030000e-01	1.497680e-01	4.828953e-01
3.110000e-01	1.536275e-01	4.819863e-01
3.190000e-01	1.574797e-01	4.810542e-01
3.270000e-01	1.613244e-01	4.800992e-01
3.350000e-01	1.651613e-01	4.791213e-01
3.430000e-01	1.689902e-01	4.781204e-01
3.510000e-01	1.728111e-01	4.770967e-01
3.590000e-01	1.766237e-01	4.760503e-01
3.670000e-01	1.804279e-01	4.749811e-01
3.750000e-01	1.842234e-01	4.738893e-01
3.830000e-01	1.880100e-01	4.727748e-01
3.910000e-01	1.917877e-01	4.716378e-01
3.990000e-01	1.955562e-01	4.704783e-01
4.070000e-01	1.993153e-01	4.692964e-01
4.150000e-01	2.030649e-01	4.680921e-01
4.230000e-01	2.068047e-01	4.668655e-01
4.310000e-01	2.105346e-01	4.656167e-01
4.390000e-01	2.142545e-01	4.643457e-01
4.470000e-01	2.179641e-01	4.630526e-01
4.550000e-01	2.216633e-01	4.617375e-01
4.630000e-01	2.253519e-01	4.604004e-01
4.710000e-01	2.290296e-01	4.590415e-01
4.790000e-01	2.326965e-01	4.576607e-01
4.870000e-01	2.363522e-01	4.562582e-01
4.950000e-01	2.399965e-01	4.548340e-01
5.030000e-01	2.436294e-01	4.533882e-01
5.110000e-01	2.472507e-01	4.519209e-01
5.190000e-01	2.508601e-01	4.504322e-01
5.270000e-01	2.544575e-01	4.489221e-01
5.350000e-01	2.580428e-01	4.473907e-01
5.430000e-01	2.616157e-01	4.458381e-01
5.510000e-01	2.651762e-01	4.442644e-01
5.590000e-01	2.687239e-01	4.426697e-01
5.670000e-01	2.722588e-01	4.410540e-01
5.750000e-01	2.757807e-01	4.394175e-01
5.830000e-01	2.792895e-01	4.377602e-01
5.910000e-01	2.827848e-01	4.360822e-01
5.990000e-01	2.862667e-01	4.343836e-01
6.070000e-01	2.897349e-01	4.326646e-01
6.150000e-01	2.931893e-01	4.309251e-01
6.230000e-01	2.966297e-01	4.291653e-01
6.310000e-01	3.000559e-01	4.273852e-01
6.390000e-01	3.034678e-01	4.255850e-01
6.470000e-01	3.068652e-01	4.237648e-01
6.550000e-01	3.102480e-01	4.219247e-01
6.630000e-01	3.136159e-01	4.200647e-01
6.710000e-01	3.169689e-01	4.181849e-01
6.790000e-01	3.203068e-01	4.162856e-01
6.870000e-01	3.236295e-01	4.143666e-01
6.950000e-01	3.269367e-01	4.124283e-01
7.030000e-01	3.302283e-01	4.104706e-01
7.110000e-01	3.335041e-01	4.084936e-01
7.190000e-01	3.367641e-01	4.064976e-01
7.270000e-01	3.400080e-01	4.044825e-01
7.350000e-01	3.432358e-01	4.024485e-01
7.430000e-01	3.464472e-01	4.003957e-01
7.510000e-01	3.496421e-01	3.983242e-01
7.590000e-01	3.528203e-01	3.962341e-01
7.670000e-01	3.559818e-01	3.941255e-01
7.750000e-01	3.591263e-01	3.919986e-01
7.830000e-01	3.622537e-01	3.898534e-01
7.910000e-01	3.653639e-01	3.876901e-01
7.990000e-01	3.684567e-01	3.855087e-01
8.070000e-01	3.715320e-01	3.833095e-01
8.150000e-01	3.745896e-01	3.810924e-01
8.230000e-01	3.776294e-01	3.788577e-01
8.310000e-01	3.806513e-01	3.766054e-01
8.390000e-01	3.836550e-01	3.743357e-01
8.470000e-01	3.866406e-01	3.720487e-01
8.550000e-01	3.896078e-01	3.697445e-01
8.630000e-01	3.925564e-01	3.674232e-01
8.710000e-01	3.954865e-01	3.650850e-01
8.790000e-01	3.983978e-01	3.627299e-01
8.870000e-01	4.012901e-01	3.603581e-01
8.950000e-01	4.041634e-01	3.579698e-01
9.030000e-01	4.070176e-01	3.555650e-01
9.110000e-01	4.098524e-01	3.531439e-01
9.190000e-01	4.126679e-01	3.507067e-01
9.270000e-01	4.154637e-01	3.482533e-01
9.350000e-01	4.182399e-01	3.457840e-01
9.430000e-01	4.209962e-01	3.432989e-01
9.510000e-01	4.237326e-01	3.407982e-01
9.590000e-01	4.264489e-01	3.382819e-01
9.670000e-01	4.291451e-01	3.357502e-01
9.750000e-01	4.318209e-01	3.332033e-01
9.830000e-01	4.344763e-01	3.306412e-01
9.910000e-01	4.371111e-01	3.280641e-01
9.990000e-01	4.397253e-01	3.254721e-01
1.007000e+00	4.423186e-01	3.228655e-01
1.015000e+00	4.448911e-01	3.202442e-01
1.023000e+00	4.474425e-01	3.176085e-01
1.031000e+00	4.499728e-01	3.149585e-01
1.039000e+00	4.524818e-01	3.122943e-01
1.047000e+00	4.549695e-01	3.096161e-01
1.055000e+00	4.574356e-01	3.069240e-01
1.063000e+00	4.598802e-01	3.042181e-01
1.071000e+00	4.623031e-01	3.014987e-01
1.079000e+00	4.647041e-01	2.987658e-01
1.087000e+00	4.670833e-01	2.960195e-01
1.095000e+00	4.694404e-01	2.932602e-01
1.103000e+00	4.717754e-01	2.904878e-01
1.111000e+00	4.740882e-01	2.877025e-01
1.119000e+00	4.763786e-01	2.849045e-01
1.127000e+00	4.786466e-01	2.820939e-01
1.135000e+00	4.808921e-01	2.792709e-01
1.143000e+00	4.831149e-01	2.764356e-01
1.151000e+00	4.853150e-01	2.735882e-01
1.159000e+00	4.874923e-01	2.707288e-01
1.167000e+00	4.896467e-01	2.678575e-01
1.175000e+00	4.917780e-01	2.649746e-01
1.183000e+00	4.938862e-01	2.620801e-01
1.191000e+00	4.959712e-01	2.591743e-01
1.199000e+00	4.980330e-01	2.562573e-01
1.207000e+00	5.000713e-01	2.533292e-01
1.215000e+00	5.020862e-01	2.503901e-01
1.223000e+00	5.040776e-01	2.474404e-01
1.231000e+00	5.060452e-01	2.444800e-01
1.239000e+00	5.079892e-01	2.415091e-01
1.247000e+00	5.099094e-01	2.385280e-01
1.255000e+00	5.118056e-01	2.355368e-01
1.263000e+00	5.136779e-01	2.325355e-01
1.271000e+00	5.155262e-01	2.295245e-01
1.279000e+00	5.173503e-01	2.265038e-01
1.287000e+00	5.191502e-01	2.234736e-01
1.295000e+00	5.209258e-01	2.204340e-01
1.303000e+00	5.226771e-01	2.173853e-01
1.311000e+00	5.244040e-01	2.143276e-01
1.319000e+00	5.261063e-01	2.112610e-01
1.327000e+00	5.277841e-01	2.081857e-01
1.335000e+00	5.294373e-01	2.051018e-01
1.343000e+00	5.310657e-01	2.020096e-01
1.351000e+00	5.326694e-01	1.989092e-01
1.359000e+00	5.342483e-01	1.958007e-01
1.367000e+00	5.358022e-01	1.926844e-01
1.375000e+00	5.373312e-01	1.895603e-01
1.383000e+00	5.388352e-01	1.864287e-01
1.391000e+00	5.403140e-01	1.832896e-01
1.399000e+00	5.417678e-01	1.801434e-01
1.407000e+00	5.431963e-01	1.769901e-01
1.415000e+00	5.445996e-01	1.738299e-01
1.423000e+00	5.459776e-01	1.706629e-01
1.431000e+00	5.473302e-01	1.674894e-01
1.439000e+00	5.486574e-01	1.643095e-01
1.447000e+00	5.499591e-01	1.611234e-01
1.455000e+00	5.512353e-01	1.579312e-01
1.463000e+00	5.524860e-01	1.547331e-01
1.471000e+00	5.537111e-01	1.515293e-01
1.479000e+00	5.549105e-01	1.483199e-01
1.487000e+00	5.560842e-01	1.451051e-01
1.495000e+00	5.572321e-01	1.418851e-01
1.503000e+00	5.583543e-01	1.386600e-01
1.511000e+00	5.594507e-01	1.354301e-01
1.519000e+00	5.605212e-01	1.321954e-01
1.527000e+00	5.615658e-01	1.289562e-01
1.535000e+00	5.625845e-01	1.257126e-01
1.543000e+00	5.635772e-01	1.224648e-01
1.551000e+00	5.645439e-01	1.192129e-01
1.559000e+00	5.654846e-01	1.159572e-01
1.567000e+00	5.663992e-01	1.126978e-01
1.575000e+00	5.672877e-01	1.094348e-01
1.583000e+00	5.681501e-01	1.061685e-01
1.591000e+00	5.689864e-01	1.028990e-01
1.599000e+00	5.697965e-01	9.962648e-02
1.607000e+00	5.705804e-01	9.635111e-02
1.615000e+00	5.713381e-01	9.307306e-02
1.623000e+00	5.720696e-01	8.979251e-02
1.631000e+00	5.727748e-01	8.650962e-02
1.639000e+00	5.734537e-01	8.322457e-02
1.647000e+00	5.741064e-01	7.993752e-02
1.655000e+00	5.747327e-01	7.664866e-02
1.663000e+00	5.753328e-01	7.335814e-02
1.671000e+00	5.759065e-01	7.006615e-02
1.679000e+00	5.764538e-01	6.677284e-02
1.687000e+00	5.769748e-01	6.347840e-02
1.695000e+00	5.774695e-01	6.018300e-02
1.703000e+00	5.779377e-01	5.688680e-02
1.711000e+00	5.783797e-01	5.358998e-02
1.719000e+00	5.787952e-01	5.029271e-02
1.727000e+00	5.791843e-01	4.699516e-02
1.735000e+00	5.795471e-01	4.369751e-02
1.743000e+00	5.798835e-01	4.039991e-02
1.751000e+00	5.801935e-01	3.710255e-02
1.759000e+00	5.804771e-01	3.380560e-02
1.767000e+00	5.807344e-01	3.050922e-02
1.775000e+00	5.809653e-01	2.721359e-02
1.783000e+00	5.811698e-01	2.391887e-02
1.791000e+00	5.813480e-01	2.062525e-02
1.799000e+00	5.814998e-01	1.733289e-02
1.807000e+00	5.816253e-01	1.404195e-02
1.815000e+00	5.817245e-01	1.075262e-02
1.823000e+00	5.817974e-01	7.465055e-03
1.831000e+00	5.818439e-01	4.179432e-03
1.839000e+00	5.818642e-01	8.959200e-04
1.847000e+00	5.818583e-01	-2.385312e-03
1.855000e+00	5.818261e-01	-5.664094e-03
1.863000e+00	5.817677e-01	-8.940256e-03
1.871000e+00	5.816831e-01	-1.221363e-02
1.879000e+00	5.815723e-01	-1.548405e-02
1.887000e+00	5.814353e-01	-1.875134e-02
1.895000e+00	5.812722e-01	-2.201533e-02
1.903000e+00	5.810831e-01	-2.527587e-02
1.911000e+00	5.808678e-01	-2.853277e-02
1.919000e+00	5.806266e-01	-3.178587e-02
1.927000e+00	5.803593e-01	-3.503501e-02
1.935000e+00	5.800660e-01	-3.828002e-02
1.943000e+00	5.797468e-01	-4.152072e-02
1.951000e+00	5.794017e-01	-4.475696e-02
1.959000e+00	5.790307e-01	-4.798856e-02
1.967000e+00	5.786339e-01	-5.121536e-02
1.975000e+00	5.782113e-01	-5.443720e-02
1.983000e+00	5.777629e-01	-5.765391e-02
1.991000e+00	5.772888e-01	-6.086532e-02
1.999000e+00	5.767891e-01	-6.407127e-02
2.007000e+00	5.762637e-01	-6.727160e-02
2.015000e+00	5.757127e-01	-7.046614e-02
2.023000e+00	5.751363e-01	-7.365472e-02
2.031000e+00	5.745343e-01	-7.683719e-02
2.039000e+00	5.739069e-01	-8.001339e-02
2.047000e+00	5.732541e-01	-8.318314e-02
2.055000e+00	5.725760e-01	-8.634628e-02
2.063000e+00	5.718726e-01	-8.950267e-02
2.071000e+00	5.711439e-01	-9.265212e-02
2.079000e+00	5.703902e-01	-9.579449e-02
2.087000e+00	5.696113e-01	-9.892962e-02
2.095000e+00	5.688073e-01	-1.020573e-01
2.103000e+00	5.679784e-01	-1.051775e-01
2.111000e+00	5.671245e-01	-1.082899e-01
2.119000e+00	5.662457e-01	-1.113944e-01
2.127000e+00	5.653422e-01	-1.144909e-01
2.135000e+00	5.644139e-01	-1.175792e-01
2.143000e+00	5.634609e-01	-1.206592e-01
2.151000e+00	5.624834e-01	-1.237306e-01
2.159000e+00	5.614813e-01	-1.267934e-01
2.167000e+00	5.604547e-01	-1.298473e-01
2.175000e+00	5.594037e-01	-1.328923e-01
2.183000e+00	5.583285e-01	-1.359281e-01
2.191000e+00	5.572289e-01	-1.389546e-01
2.199000e+00	5.561052e-01	-1.419717e-01
2.207000e+00	5.549574e-01	-1.449793e-01
2.215000e+00	5.537856e-01	-1.479770e-01
2.223000e+00	5.525898e-01	-1.509649e-01
2.231000e+00	5.513702e-01	-1.539427e-01
2.239000e+00	5.501267e-01	-1.569103e-01
2.247000e+00	5.488596e-01	-1.598676e-01
2.255000e+00	5.475689e-01	-1.628144e-01
2.263000e+00	5.462546e-01	-1.657505e-01
2.271000e+00	5.449169e-01	-1.686758e-01
2.279000e+00	5.435558e-01	-1.715902e-01
2.287000e+00	5.421715e-01	-1.744935e-01
2.295000e+00	5.407640e-01	-1.773856e-01
2.303000e+00	5.393334e-01	-1.802663e-01
2.311000e+00	5.378797e-01	-1.831355e-01
2.319000e+00	5.364032e-01	-1.859930e-01
2.327000e+00	5.349039e-01	-1.888387e-01
2.335000e+00	5.333818e-01	-1.916725e-01
2.343000e+00	5.318372e-01	-1.944942e-01
2.351000e+00	5.302700e-01	-1.973036e-01
2.359000e+00	5.286803e-01	-2.001006e-01
2.367000e+00	5.270684e-01	-2.028852e-01
2.375000e+00	5.254342e-01	-2.056571e-01
2.383000e+00	5.237779e-01	-2.084162e-01
2.391000e+00	5.220996e-01	-2.111624e-01
2.399000e+00	5.203993e-01	-2.138955e-01
2.407000e+00	5.186773e-01	-2.166154e-01
2.415000e+00	5.169335e-01	-2.193220e-01
2.423000e+00	5.151682e-01	-2.220151e-01
2.431000e+00	5.133813e-01	-2.246946e-01
2.439000e+00	5.115731e-01	-2.273603e-01
2.447000e+00	5.097436e-01	-2.300122e-01
2.455000e+00	5.078929e-01	-2.326501e-01
2.463000e+00	5.060212e-01	-2.352739e-01
2.471000e+00	5.041286e-01	-2.378834e-01
2.479000e+00	5.022151e-01	-2.404786e-01
2.487000e+00	5.002810e-01	-2.430592e-01
2.495000e+00	4.983262e-01	-2.456252e-01
2.503000e+00	4.963510e-01	-2.481764e-01
2.511000e+00	4.943554e-01	-2.507127e-01
2.519000e+00	4.923396e-01	-2.532340e-01
2.527000e+00	4.903037e-01	-2.557402e-01
2.535000e+00	4.882478e-01	-2.582311e-01
2.543000e+00	4.861721e-01	-2.607066e-01
2.551000e+00	4.840766e-01	-2.631666e-01
2.559000e+00	4.819615e-01	-2.656110e-01
2.567000e+00	4.798268e-01	-2.680397e-01
2.575000e+00	4.776729e-01	-2.704525e-01
2.583000e+00	4.754996e-01	-2.728493e-01
2.591000e+00	4.733073e-01	-2.752300e-01
2.599000e+00	4.710960e-01	-2.775945e-01
2.607000e+00	4.688658e-01	-2.799427e-01
2.615000e+00	4.666170e-01	-2.822744e-01
2.623000e+00	4.643495e-01	-2.845896e-01
2.631000e+00	4.620636e-01	-2.868881e-01
2.639000e+00	4.597593e-01	-2.891699e-01
2.647000e+00	4.574369e-01	-2.914348e-01
2.655000e+00	4.550964e-01	-2.936827e-01
2.663000e+00	4.527380e-01	-2.959135e-01
2.671000e+00	4.503619e-01	-2.981271e-01
2.679000e+00	4.479680e-01	-3.003233e-01
2.687000e+00	4.455567e-01	-3.025022e-01
2.695000e+00	4.431281e-01	-3.046635e-01
2.703000e+00	4.406822e-01	-3.068073e-01
2.711000e+00	4.382192e-01	-3.089333e-01
2.719000e+00	4.357393e-01	-3.110414e-01
2.727000e+00	4.332426e-01	-3.131317e-01
2.735000e+00	4.307292e-01	-3.152039e-01
2.743000e+00	4.281994e-01	-3.172580e-01
2.751000e+00	4.256531e-01	-3.192939e-01
2.759000e+00	4.230907e-01	-3.213115e-01
2.767000e+00	4.205122e-01	-3.233107e-01
2.775000e+00	4.179178e-01	-3.252914e-01
2.783000e+00	4.153076e-01	-3.272535e-01
2.791000e+00	4.126818e-01	-3.291969e-01
2.799000e+00	4.100405e-01	-3.311215e-01
2.807000e+00	4.073839e-01	-3.330273e-01
2.815000e+00	4.047121e-01	-3.349141e-01
2.823000e+00	4.020253e-01	-3.367819e-01
2.831000e+00	3.993236e-01	-3.386305e-01
2.839000e+00	3.966073e-01	-3.404600e-01
2.847000e+00	3.938763e-01	-3.422702e-01
2.855000e+00	3.911310e-01	-3.440609e-01
2.863000e+00	3.883714e-01	-3.458323e-01
2.871000e+00	3.855977e-01	-3.475841e-01
2.879000e+00	3.828101e-01	-3.493162e-01
2.887000e+00	3.800087e-01	-3.510287e-01
2.895000e+00	3.771937e-01	-3.527214e-01
2.903000e+00	3.743652e-01	-3.543943e-01
2.911000e+00	3.715235e-01	-3.560472e-01
2.919000e+00	3.686685e-01	-3.576802e-01
2.927000e+00	3.658006e-01	-3.592931e-01
2.935000e+00	3.629199e-01	-3.608858e-01
2.943000e+00	3.600265e-01	-3.624583e-01
2.951000e+00	3.571206e-01	-3.640106e-01
2.959000e+00	3.542024e-01	-3.655425e-01
2.967000e+00	3.512720e-01	-3.670539e-01
2.975000e+00	3.483296e-01	-3.685449e-01
2.983000e+00	3.453753e-01	-3.700154e-01
2.991000e+00	3.424094e-01	-3.714652e-01
2.999000e+00	3.394319e-01	-3.728944e-01
3.007000e+00	3.364431e-01	-3.743029e-01
3.015000e+00	3.334432e-01	-3.756905e-01
3.023000e+00	3.304321e-01	-3.770573e-01
3.031000e+00	3.274103e-01	-3.784032e-01
3.039000e+00	3.243778e-01	-3.797281e-01
3.047000e+00	3.213347e-01	-3.810320e-01
3.055000e+00	3.182813e-01	-3.823149e-01
3.063000e+00	3.152177e-01	-3.835766e-01
3.071000e+00	3.121441e-01	-3.848171e-01
3.079000e+00	3.090607e-01	-3.860364e-01
3.087000e+00	3.059676e-01	-3.872344e-01
3.095000e+00	3.028650e-01	-3.884111e-01
3.103000e+00	2.997531e-01	-3.895664e-01
3.111000e+00	2.966320e-01	-3.907003e-01
3.119000e+00	2.935019e-01	-3.918127e-01
3.127000e+00	2.903631e-01	-3.929037e-01
3.135000e+00	2.872155e-01	-3.939730e-01
3.143000e+00	2.840595e-01	-3.950208e-01
3.151000e+00	2.808953e-01	-3.960470e-01
3.159000e+00	2.777228e-01	-3.970514e-01
3.167000e+00	2.745425e-01	-3.980342e-01
3.175000e+00	2.713544e-01	-3.989952e-01
3.183000e+00	2.681586e-01	-3.999345e-01
3.191000e+00	2.649555e-01	-4.008519e-01
3.199000e+00	2.617451e-01	-4.017475e-01
3.207000e+00	2.585276e-01	-4.026212e-01
3.215000e+00	2.553032e-01	-4.034731e-01
3.223000e+00	2.520721e-01	-4.043029e-01
3.231000e+00	2.488344e-01	-4.051108e-01
3.239000e+00	2.455903e-01	-4.058968e-01
3.247000e+00	2.423401e-01	-4.066607e-01
3.255000e+00	2.390838e-01	-4.074026e-01
3.263000e+00	2.358217e-01	-4.081224e-01
3.271000e+00	2.325539e-01	-4.088201e-01
3.279000e+00	2.292806e-01	-4.094957e-01
3.287000e+00	2.260021e-01	-4.101492e-01
3.295000e+00	2.227183e-01	-4.107806e-01
3.303000e+00	2.194296e-01	-4.113898e-01
3.311000e+00	2.161361e-01	-4.119769e-01
3.319000e+00	2.128381e-01	-4.125417e-01
3.327000e+00	2.095355e-01	-4.130844e-01
3.335000e+00	2.062288e-01	-4.136048e-01
3.343000e+00	2.029179e-01	-4.141031e-01
3.351000e+00	1.996032e-01	-4.145791e-01
3.359000e+00	1.962847e-01	-4.150328e-01
3.367000e+00	1.929627e-01	-4.154643e-01
3.375000e+00	1.896373e-01	-4.158736e-01
3.383000e+00	1.863088e-01	-4.162606e-01
3.391000e+00	1.829772e-01	-4.166253e-01
3.399000e+00	1.796428e-01	-4.169678e-01
3.407000e+00	1.763058e-01	-4.172881e-01
3.415000e+00	1.729663e-01	-4.175860e-01
3.423000e+00	1.696245e-01	-4.178617e-01
3.431000e+00	1.662806e-01	-4.181152e-01
3.439000e+00	1.629347e-01	-4.183464e-01
3.447000e+00	1.595871e-01	-4.185554e-01
3.455000e+00	1.562379e-01	-4.187421e-01
3.463000e+00	1.528873e-01	-4.189066e-01
3.471000e+00	1.495354e-01	-4.190488e-01
3.479000e+00	1.461825e-01	-4.191689e-01
3.487000e+00	1.428288e-01	-4.192668e-01
3.495000e+00	1.394743e-01	-4.193424e-01
3.503000e+00	1.361194e-01	-4.193959e-01
3.511000e+00	1.327641e-01	-4.194273e-01
3.519000e+00	1.294086e-01	-4.194365e-01
3.527000e+00	1.260531e-01	-4.194235e-01
3.535000e+00	1.226979e-01	-4.193885e-01
3.543000e+00	1.193430e-01	-4.193314e-01
3.551000e+00	1.159886e-01	-4.192522e-01
3.559000e+00	1.126350e-01	-4.191510e-01
3.567000e+00	1.092823e-01	-4.190277e-01
3.575000e+00	1.059306e-01	-4.188825e-01
3.583000e+00	1.025802e-01	-4.187153e-01
3.591000e+00	9.923123e-02	-4.185262e-01
3.599000e+00	9.588385e-02	-4.183151e-01
3.607000e+00	9.253824e-02	-4.180822e-01
3.615000e+00	8.919459e-02	-4.178274e-01
3.623000e+00	8.585306e-02	-4.175508e-01
3.631000e+00	8.251384e-02	-4.172524e-01
3.639000e+00	7.917708e-02	-4.169323e-01
3.647000e+00	7.584298e-02	-4.165904e-01
3.655000e+00	7.251170e-02	-4.162269e-01
3.663000e+00	6.918341e-02	-4.158417e-01
3.671000e+00	6.585829e-02	-4.154349e-01
3.679000e+00	6.253651e-02	-4.150066e-01
3.687000e+00	5.921824e-02	-4.145567e-01
3.695000e+00	5.590365e-02	-4.140854e-01
3.703000e+00	5.259293e-02	-4.135926e-01
3.711000e+00	4.928623e-02	-4.130785e-01
3.719000e+00	4.598373e-02	-4.125430e-01
3.727000e+00	4.268560e-02	-4.119862e-01
3.735000e+00	3.939201e-02	-4.114081e-01
3.743000e+00	3.610313e-02	-4.108089e-01
3.751000e+00	3.281912e-02	-4.101885e-01
3.759000e+00	2.954017e-02	-4.095470e-01
3.767000e+00	2.626642e-02	-4.088845e-01
3.775000e+00	2.299807e-02	-4.082010e-01
3.783000e+00	1.973526e-02	-4.074965e-01
3.791000e+00	1.647818e-02	-4.067712e-01
3.799000e+00	1.322698e-02	-4.060251e-01
3.807000e+00	9.981834e-03	-4.052582e-01
3.815000e+00	6.742905e-03	-4.044706e-01
3.823000e+00	3.510359e-03	-4.036623e-01
3.831000e+00	2.843623e-04	-4.028335e-01
3.839000e+00	-2.934922e-03	-4.019842e-01
3.847000e+00	-6.147330e-03	-4.011144e-01
3.855000e+00	-9.352698e-03	-4.002242e-01
3.863000e+00	-1.255086e-02	-3.993137e-01
3.871000e+00	-1.574166e-02	-3.983830e-01
3.879000e+00	-1.892494e-02	-3.974321e-01
3.887000e+00	-2.210052e-02	-3.964610e-01
3.895000e+00	-2.526826e-02	-3.954699e-01
3.903000e+00	-2.842799e-02	-3.944589e-01
3.911000e+00	-3.157955e-02	-3.934279e-01
3.919000e+00	-3.472278e-02	-3.923771e-01
3.927000e+00	-3.785753e-02	-3.913066e-01
3.935000e+00	-4.098364e-02	-3.902164e-01
3.943000e+00	-4.410094e-02	-3.891066e-01
3.951000e+00	-4.720929e-02	-3.879773e-01
3.959000e+00	-5.030853e-02	-3.868285e-01
3.967000e+00	-5.339849e-02	-3.856604e-01
3.975000e+00	-5.647904e-02	-3.844730e-01
3.983000e+00	-5.955001e-02	-3.832664e-01
3.991000e+00	-6.261125e-02	-3.820407e-01
3.999000e+00	-6.566261e-02	-3.807959e-01
4.007000e+00	-6.870394e-02	-3.795322e-01
4.015000e+00	-7.173508e-02	-3.782497e-01
4.023000e+00	-7.475588e-02	-3.769483e-01
4.031000e+00	-7.776620e-02	-3.756283e-01
4.039000e+00	-8.076588e-02	-3.742897e-01
4.047000e+00	-8.375479e-02	-3.729326e-01
4.055000e+00	-8.673276e-02	-3.715571e-01
4.063000e+00	-8.969965e-02	-3.701632e-01
4.071000e+00	-9.265532e-02	-3.687512e-01
4.079000e+00	-9.559962e-02	-3.673210e-01
4.087000e+00	-9.853241e-02	-3.658727e-01
4.095000e+00	-1.014535e-01	-3.644065e-01
4.103000e+00	-1.043629e-01	-3.629225e-01
4.111000e+00	-1.072602e-01	-3.614207e-01
4.119000e+00	-1.101455e-01	-3.599012e-01
4.127000e+00	-1.130186e-01	-3.583643e-01
4.135000e+00	-1.158793e-01	-3.568098e-01
4.143000e+00	-1.187275e-01	-3.552380e-01
4.151000e+00	-1.215631e-01	-3.536490e-01
4.159000e+00	-1.243859e-01	-3.520428e-01
4.167000e+00	-1.271957e-01	-3.504195e-01
4.175000e+00	-1.299925e-01	-3.487794e-01
4.183000e+00	-1.327762e-01	-3.471224e-01
4.191000e+00	-1.355465e-01	-3.454487e-01
4.199000e+00	-1.383033e-01	-3.437583e-01
4.207000e+00	-1.410465e-01	-3.420515e-01
4.215000e+00	-1.437761e-01	-3.403282e-01
4.223000e+00	-1.464917e-01	-3.385887e-01
4.231000e+00	-1.491934e-01	-3.368330e-01
4.239000e+00	-1.518810e-01	-3.350612e-01
4.247000e+00	-1.545544e-01	-3.332735e-01
4.255000e+00	-1.572134e-01	-3.314699e-01
4.263000e+00	-1.598579e-01	-3.296506e-01
4.271000e+00	-1.624877e-01	-3.278157e-01
4.279000e+00	-1.651029e-01	-3.259653e-01
4.287000e+00	-1.677031e-01	-3.240996e-01
4.295000e+00	-1.702884e-01	-3.222185e-01
4.303000e+00	-1.728586e-01	-3.203223e-01
4.311000e+00	-1.754135e-01	-3.184111e-01
4.319000e+00	-1.779531e-01	-3.164850e-01
4.327000e+00	-1.804773e-01	-3.145441e-01
4.335000e+00	-1.829858e-01	-3.125886e-01
4.343000e+00	-1.854786e-01	-3.106185e-01
4.351000e+00	-1.879557e-01	-3.086339e-01
4.359000e+00	-1.904167e-01	-3.066351e-01
4.367000e+00	-1.928618e-01	-3.046221e-01
4.375000e+00	-1.952907e-01	-3.025951e-01
4.383000e+00	-1.977033e-01	-3.005541e-01
4.391000e+00	-2.000995e-01	-2.984994e-01
4.399000e+00	-2.024792e-01	-2.964310e-01
4.407000e+00	-2.048423e-01	-2.943490e-01
4.415000e+00	-2.071888e-01	-2.922536e-01
4.423000e+00	-2.095184e-01	-2.901450e-01
4.431000e+00	-2.118311e-01	-2.880231e-01
4.439000e+00	-2.141267e-01	-2.858883e-01
4.447000e+00	-2.164052e-01	-2.837406e-01
4.455000e+00	-2.186665e-01	-2.815801e-01
4.463000e+00	-2.209105e-01	-2.794069e-01
4.471000e+00	-2.231370e-01	-2.772213e-01
4.479000e+00	-2.253460e-01	-2.750233e-01
4.487000e+00	-2.275373e-01	-2.728131e-01
4.495000e+00	-2.297110e-01	-2.705908e-01
4.503000e+00	-2.318668e-01	-2.683565e-01
4.511000e+00	-2.340046e-01	-2.661104e-01
4.519000e+00	-2.361245e-01	-2.638526e-01
4.527000e+00	-2.382262e-01	-2.615833e-01
4.535000e+00	-2.403098e-01	-2.593025e-01
4.543000e+00	-2.423751e-01	-2.570104e-01
4.551000e+00	-2.444219e-01	-2.547073e-01
4.559000e+00	-2.464503e-01	-2.523931e-01
4.567000e+00	-2.484602e-01	-2.500680e-01
4.575000e+00	-2.504514e-01	-2.477323e-01
4.583000e+00	-2.524239e-01	-2.453859e-01
4.591000e+00	-2.543776e-01	-2.430291e-01
4.599000e+00	-2.563123e-01	-2.406621e-01
4.607000e+00	-2.582281e-01	-2.382848e-01
4.615000e+00	-2.601249e-01	-2.358976e-01
4.623000e+00	-2.620025e-01	-2.335004e-01
4.631000e+00	-2.638608e-01	-2.310936e-01
4.639000e+00	-2.656999e-01	-2.286771e-01
4.647000e+00	-2.675196e-01	-2.262513e-01
4.655000e+00	-2.693199e-01	-2.238161e-01
4.663000e+00	-2.711007e-01	-2.213718e-01
4.671000e+00	-2.728618e-01	-2.189184e-01
4.679000e+00	-2.746033e-01	-2.164562e-01
4.687000e+00	-2.763251e-01	-2.139853e-01
4.695000e+00	-2.780271e-01	-2.115059e-01
4.703000e+00	-2.797092e-01	-2.090180e-01
4.711000e+00	-2.813714e-01	-2.065218e-01
4.719000e+00	-2.830135e-01	-2.040175e-01
4.727000e+00	-2.846356e-01	-2.015053e-01
4.735000e+00	-2.862376e-01	-1.989852e-01
4.743000e+00	-2.878194e-01	-1.964574e-01
4.751000e+00	-2.893809e-01	-1.939221e-01
4.759000e+00	-2.909221e-01	-1.913794e-01
4.767000e+00	-2.924429e-01	-1.888295e-01
4.775000e+00	-2.939433e-01	-1.862725e-01
4.783000e+00	-2.954233e-01	-1.837085e-01
4.791000e+00	-2.968827e-01	-1.811378e-01
4.799000e+00	-2.983215e-01	-1.785605e-01
4.807000e+00	-2.997396e-01	-1.759767e-01
4.815000e+00	-3.011371e-01	-1.733865e-01
4.823000e+00	-3.025138e-01	-1.707902e-01
4.831000e+00	-3.038697e-01	-1.681878e-01
4.839000e+00	-3.052048e-01	-1.655796e-01
4.847000e+00	-3.065190e-01	-1.629657e-01
4.855000e+00	-3.078122e-01	-1.603462e-01
4.863000e+00	-3.090845e-01	-1.577212e-01
4.871000e+00	-3.103357e-01	-1.550911e-01
4.879000e+00	-3.115659e-01	-1.524558e-01
4.887000e+00	-3.127750e-01	-1.498155e-01
4.895000e+00	-3.139630e-01	-1.471705e-01
4.903000e+00	-3.151297e-01	-1.445208e-01
4.911000e+00	-3.162753e-01	-1.418666e-01
4.919000e+00	-3.173996e-01	-1.392080e-01
4.927000e+00	-3.185026e-01	-1.365453e-01
4.935000e+00	-3.195843e-01	-1.338785e-01
4.943000e+00	-3.206446e-01	-1.312079e-01
4.951000e+00	-3.216836e-01	-1.285335e-01
4.959000e+00	-3.227012e-01	-1.258556e-01
4.967000e+00	-3.236973e-01	-1.231743e-01
4.975000e+00	-3.246719e-01	-1.204897e-01
4.983000e+00	-3.256251e-01	-1.178019e-01
4.991000e+00	-3.265568e-01	-1.151113e-01
4.999000e+00	-3.274669e-01	-1.124178e-01
5.007000e+00	-3.283554e-01	-1.097217e-01
5.015000e+00	-3.292224e-01	-1.070231e-01
5.023000e+00	-3.300678e-01	-1.043222e-01
5.031000e+00	-3.308916e-01	-1.016191e-01
5.039000e+00	-3.316937e-01	-9.891398e-02
5.047000e+00	-3.324742e-01	-9.620699e-02
5.055000e+00	-3.332330e-01	-9.349828e-02
5.063000e+00	-3.339702e-01	-9.078802e-02
5.071000e+00	-3.346856e-01	-8.807636e-02
5.079000e+00	-3.353794e-01	-8.536345e-02
5.087000e+00	-3.360514e-01	-8.264945e-02
5.095000e+00	-3.367018e-01	-7.993450e-02
5.103000e+00	-3.373304e-01	-7.721878e-02
5.111000e+00	-3.379373e-01	-7.450242e-02
5.119000e+00	-3.385224e-01	-7.178559e-02
5.127000e+00	-3.390858e-01	-6.906844e-02
5.135000e+00	-3.396275e-01	-6.635112e-02
5.143000e+00	-3.401475e-01	-6.363379e-02
5.151000e+00	-3.406457e-01	-6.091660e-02
5.159000e+00	-3.411221e-01	-5.819971e-02
5.167000e+00	-3.415769e-01	-5.548327e-02
5.175000e+00	-3.420099e-01	-5.276743e-02
5.183000e+00	-3.424211e-01	-5.005235e-02
5.191000e+00	-3.428107e-01	-4.733818e-02
5.199000e+00	-3.431786e-01	-4.462507e-02
5.207000e+00	-3.435247e-01	-4.191318e-02
5.215000e+00	-3.438492e-01	-3.920266e-02
5.223000e+00	-3.441519e-01	-3.649366e-02
5.231000e+00	-3.444331e-01	-3.378634e-02
5.239000e+00	-3.446925e-01	-3.108084e-02
5.247000e+00	-3.449304e-01	-2.837732e-02
5.255000e+00	-3.451466e-01	-2.567593e-02
5.263000e+00	-3.453412e-01	-2.297683e-02
5.271000e+00	-3.455142e-01	-2.028015e-02
5.279000e+00	-3.456657e-01	-1.758606e-02
5.287000e+00	-3.457956e-01	-1.489471e-02
5.295000e+00	-3.459040e-01	-1.220624e-02
5.303000e+00	-3.459909e-01	-9.520811e-03
5.311000e+00	-3.460563e-01	-6.838565e-03
5.319000e+00	-3.461003e-01	-4.159655e-03
5.327000e+00	-3.461229e-01	-1.484229e-03
5.335000e+00	-3.461241e-01	1.187563e-03
5.343000e+00	-3.461039e-01	3.855572e-03
5.351000e+00	-3.460624e-01	6.519651e-03
5.359000e+00	-3.459996e-01	9.179650e-03
5.367000e+00	-3.459155e-01	1.183542e-02
5.375000e+00	-3.458103e-01	1.448682e-02
5.383000e+00	-3.456838e-01	1.713370e-02
5.391000e+00	-3.455361e-01	1.977591e-02
5.399000e+00	-3.453674e-01	2.241331e-02
5.407000e+00	-3.451775e-01	2.504575e-02
5.415000e+00	-3.449667e-01	2.767308e-02
5.423000e+00	-3.447348e-01	3.029516e-02
5.431000e+00	-3.444819e-01	3.291185e-02
5.439000e+00	-3.442082e-01	3.552300e-02
5.447000e+00	-3.439136e-01	3.812847e-02
5.455000e+00	-3.435982e-01	4.072811e-02
5.463000e+00	-3.432620e-01	4.332178e-02
5.471000e+00	-3.429050e-01	4.590935e-02
5.479000e+00	-3.425274e-01	4.849066e-02
5.487000e+00	-3.421292e-01	5.106557e-02
5.495000e+00	-3.417104e-01	5.363395e-02
5.503000e+00	-3.412711e-01	5.619565e-02
5.511000e+00	-3.408113e-01	5.875054e-02
5.519000e+00	-3.403311e-01	6.129847e-02
5.527000e+00	-3.398305e-01	6.383931e-02
5.535000e+00	-3.393097e-01	6.637292e-02
5.543000e+00	-3.387686e-01	6.889915e-02
5.551000e+00	-3.382073e-01	7.141787e-02
5.559000e+00	-3.376259e-01	7.392895e-02
5.567000e+00	-3.370245e-01	7.643225e-02
5.575000e+00	-3.364030e-01	7.892763e-02
5.583000e+00	-3.357616e-01	8.141496e-02
5.591000e+00	-3.351004e-01	8.389410e-02
5.599000e+00	-3.344194e-01	8.636492e-02
5.607000e+00	-3.337186e-01	8.882728e-02
5.615000e+00	-3.329981e-01	9.128105e-02
5.623000e+00	-3.322581e-01	9.372611e-02
5.631000e+00	-3.314985e-01	9.616231e-02
5.639000e+00	-3.307195e-01	9.858953e-02
5.647000e+00	-3.299211e-01	1.010076e-01
5.655000e+00	-3.291034e-01	1.034165e-01
5.663000e+00	-3.282665e-01	1.058160e-01
5.671000e+00	-3.274104e-01	1.082060e-01
5.679000e+00	-3.265352e-01	1.105863e-01
5.687000e+00	-3.256411e-01	1.129569e-01
5.695000e+00	-3.247279e-01	1.153177e-01
5.703000e+00	-3.237960e-01	1.176684e-01
5.711000e+00	-3.228453e-01	1.200089e-01
5.719000e+00	-3.218759e-01	1.223392e-01
5.727000e+00	-3.208879e-01	1.246592e-01
5.735000e+00	-3.198814e-01	1.269686e-01
5.743000e+00	-3.188564e-01	1.292674e-01
5.751000e+00	-3.178131e-01	1.315554e-01
5.759000e+00	-3.167516e-01	1.338326e-01
5.767000e+00	-3.156718e-01	1.360988e-01
5.775000e+00	-3.145740e-01	1.383539e-01
5.783000e+00	-3.134582e-01	1.405977e-01
5.791000e+00	-3.123245e-01	1.428302e-01
5.799000e+00	-3.111729e-01	1.450512e-01
5.807000e+00	-3.100037e-01	1.472607e-01
5.815000e+00	-3.088168e-01	1.494584e-01
5.823000e+00	-3.076124e-01	1.516443e-01
5.831000e+00	-3.063905e-01	1.538183e-01
5.839000e+00	-3.051513e-01	1.559803e-01
5.847000e+00	-3.038949e-01	1.581301e-01
5.855000e+00	-3.026213e-01	1.602676e-01
5.863000e+00	-3.013306e-01	1.623928e-01
5.871000e+00	-3.000230e-01	1.645055e-01
5.879000e+00	-2.986986e-01	1.666055e-01
5.887000e+00	-2.973574e-01	1.686929e-01
5.895000e+00	-2.959995e-01	1.707675e-01
5.903000e+00	-2.946251e-01	1.728291e-01
5.911000e+00	-2.932343e-01	1.748777e-01
5.919000e+00	-2.918271e-01	1.769132e-01
5.927000e+00	-2.904037e-01	1.789354e-01
5.935000e+00	-2.889642e-01	1.809443e-01
5.943000e+00	-2.875086e-01	1.829397e-01
5.951000e+00	-2.860372e-01	1.849216e-01
5.959000e+00	-2.845499e-01	1.868899e-01
5.967000e+00	-2.830470e-01	1.888444e-01
5.975000e+00	-2.815284e-01	1.907850e-01
5.983000e+00	-2.799945e-01	1.927117e-01
5.991000e+00	-2.784451e-01	1.946244e-01
5.999000e+00	-2.768805e-01	1.965229e-01
6.007000e+00	-2.753008e-01	1.984072e-01
6.015000e+00	-2.737060e-01	2.002772e-01
6.023000e+00	-2.720964e-01	2.021327e-01
6.031000e+00	-2.704719e-01	2.039737e-01
6.039000e+00	-2.688328e-01	2.058001e-01
6.047000e+00	-2.671792e-01	2.076118e-01
6.055000e+00	-2.655111e-01	2.094087e-01
6.063000e+00	-2.638287e-01	2.111907e-01
6.071000e+00	-2.621321e-01	2.129578e-01
6.079000e+00	-2.604214e-01	2.147098e-01
6.087000e+00	-2.586968e-01	2.164466e-01
6.095000e+00	-2.569583e-01	2.181682e-01
6.103000e+00	-2.552061e-01	2.198745e-01
6.111000e+00	-2.534403e-01	2.215654e-01
6.119000e+00	-2.516611e-01	2.232409e-01
6.127000e+00	-2.498685e-01	2.249007e-01
6.135000e+00	-2.480627e-01	2.265449e-01
6.143000e+00	-2.462438e-01	2.281734e-01
6.151000e+00	-2.444120e-01	2.297861e-01
6.159000e+00	-2.425673e-01	2.313829e-01
6.167000e+00	-2.407099e-01	2.329637e-01
6.175000e+00	-2.388399e-01	2.345285e-01
6.183000e+00	-2.369575e-01	2.360772e-01
6.191000e+00	-2.350627e-01	2.376098e-01
6.199000e+00	-2.331558e-01	2.391260e-01
6.207000e+00	-2.312368e-01	2.406260e-01
6.215000e+00	-2.293058e-01	2.421095e-01
6.223000e+00	-2.273631e-01	2.435766e-01
6.231000e+00	-2.254086e-01	2.450271e-01
6.239000e+00	-2.234427e-01	2.464610e-01
6.247000e+00	-2.214653e-01	2.478782e-01
6.255000e+00	-2.194767e-01	2.492787e-01
6.263000e+00	-2.174769e-01	2.506624e-01
6.271000e+00	-2.154661e-01	2.520293e-01
6.279000e+00	-2.134445e-01	2.533792e-01
6.287000e+00	-2.114121e-01	2.547121e-01
6.295000e+00	-2.093691e-01	2.560280e-01
6.303000e+00	-2.073157e-01	2.573267e-01
6.311000e+00	-2.052519e-01	2.586083e-01
6.319000e+00	-2.031780e-01	2.598726e-01
6.327000e+00	-2.010940e-01	2.611197e-01
6.335000e+00	-1.990001e-01	2.623494e-01
6.343000e+00	-1.968965e-01	2.635617e-01
6.351000e+00	-1.947832e-01	2.647566e-01
6.359000e+00	-1.926604e-01	2.659340e-01
6.367000e+00	-1.905283e-01	2.670938e-01
6.375000e+00	-1.883870e-01	2.682360e-01
6.383000e+00	-1.862366e-01	2.693606e-01
6.391000e+00	-1.840772e-01	2.704675e-01
6.399000e+00	-1.819091e-01	2.715566e-01
6.407000e+00	-1.797324e-01	2.726279e-01
6.415000e+00	-1.775471e-01	2.736814e-01
6.423000e+00	-1.753535e-01	2.747170e-01
6.431000e+00	-1.731517e-01	2.757347e-01
6.439000e+00	-1.709418e-01	2.767344e-01
6.447000e+00	-1.687240e-01	2.777161e-01
6.455000e+00	-1.664984e-01	2.786798e-01
6.463000e+00	-1.642652e-01	2.796254e-01
6.471000e+00	-1.620245e-01	2.805529e-01
6.479000e+00	-1.597764e-01	2.814622e-01
6.487000e+00	-1.575211e-01	2.823533e-01
6.495000e+00	-1.552588e-01	2.832262e-01
6.503000e+00	-1.529895e-01	2.840808e-01
6.511000e+00	-1.507135e-01	2.849172e-01
6.519000e+00	-1.484309e-01	2.857352e-01
6.527000e+00	-1.461418e-01	2.865349e-01
6.535000e+00	-1.438464e-01	2.873162e-01
6.543000e+00	-1.415448e-01	2.880791e-01
6.551000e+00	-1.392372e-01	2.888235e-01
6.559000e+00	-1.369237e-01	2.895495e-01
6.567000e+00	-1.346044e-01	2.902571e-01
6.575000e+00	-1.322796e-01	2.909461e-01
6.583000e+00	-1.299494e-01	2.916166e-01
6.591000e+00	-1.276138e-01	2.922685e-01
6.599000e+00	-1.252731e-01	2.929019e-01
6.607000e+00	-1.229274e-01	2.935167e-01
6.615000e+00	-1.205769e-01	2.941129e-01
6.623000e+00	-1.182217e-01	2.946904e-01
6.631000e+00	-1.158619e-01	2.952494e-01
6.639000e+00	-1.134977e-01	2.957896e-01
6.647000e+00	-1.111293e-01	2.963113e-01
6.655000e+00	-1.087568e-01	2.968142e-01
6.663000e+00	-1.063803e-01	2.972985e-01
6.671000e+00	-1.040001e-01	2.977640e-01
6.679000e+00	-1.016162e-01	2.982109e-01
6.687000e+00	-9.922874e-02	2.986391e-01
6.695000e+00	-9.683798e-02	2.990485e-01
6.703000e+00	-9.444402e-02	2.994392e-01
6.711000e+00	-9.204700e-02	2.998112e-01
6.719000e+00	-8.964709e-02	3.001645e-01
6.727000e+00	-8.724442e-02	3.004990e-01
6.735000e+00	-8.483915e-02	3.008148e-01
6.743000e+00	-8.243143e-02	3.011119e-01
6.751000e+00	-8.002141e-02	3.013902e-01
6.759000e+00	-7.760924e-02	3.016498e-01
6.767000e+00	-7.519506e-02	3.018907e-01
6.775000e+00	-7.277904e-02	3.021129e-01
6.783000e+00	-7.036131e-02	3.023163e-01
6.791000e+00	-6.794203e-02	3.025011e-01
6.799000e+00	-6.552134e-02	3.026671e-01
6.807000e+00	-6.309940e-02	3.028145e-01
6.815000e+00	-6.067636e-02	3.029432e-01
6.823000e+00	-5.825236e-02	3.030532e-01
6.831000e+00	-5.582756e-02	3.031445e-01
6.839000e+00	-5.340210e-02	3.032172e-01
6.847000e+00	-5.097613e-02	3.032713e-01
6.855000e+00	-4.854981e-02	3.033068e-01
6.863000e+00	-4.612327e-02	3.033237e-01
6.871000e+00	-4.369668e-02	3.033219e-01
6.879000e+00	-4.127017e-02	3.033017e-01
6.887000e+00	-3.884390e-02	3.032629e-01
6.895000e+00	-3.641801e-02	3.032055e-01
6.903000e+00	-3.399266e-02	3.031297e-01
6.911000e+00	-3.156799e-02	3.030354e-01
6.919000e+00	-2.914414e-02	3.029227e-01
6.927000e+00	-2.672127e-02	3.027915e-01
6.935000e+00	-2.429953e-02	3.026419e-01
6.943000e+00	-2.187905e-02	3.024740e-01
6.951000e+00	-1.945999e-02	3.022877e-01
6.959000e+00	-1.704250e-02	3.020831e-01
6.967000e+00	-1.462671e-02	3.018602e-01
6.975000e+00	-1.221278e-02	3.016191e-01
6.983000e+00	-9.800857e-03	3.013597e-01
6.991000e+00	-7.391078e-03	3.010822e-01
6.999000e+00	-4.983591e-03	3.007865e-01
7.007000e+00	-2.578542e-03	3.004727e-01
7.015000e+00	-1.760762e-04	3.001408e-01
7.023000e+00	2.223663e-03	2.997909e-01
7.031000e+00	4.620530e-03	2.994230e-01
7.039000e+00	7.014382e-03	2.990371e-01
7.047000e+00	9.405076e-03	2.986333e-01
7.055000e+00	1.179247e-02	2.982116e-01
7.063000e+00	1.417641e-02	2.977721e-01
7.071000e+00	1.655677e-02	2.973148e-01
7.079000e+00	1.893340e-02	2.968398e-01
7.087000e+00	2.130616e-02	2.963470e-01
7.095000e+00	2.367491e-02	2.958366e-01
7.103000e+00	2.603950e-02	2.953086e-01
7.111000e+00	2.839980e-02	2.947630e-01
7.119000e+00	3.075566e-02	2.942000e-01
7.127000e+00	3.310695e-02	2.936195e-01
7.135000e+00	3.545353e-02	2.930215e-01
7.143000e+00	3.779525e-02	2.924063e-01
7.151000e+00	4.013198e-02	2.917737e-01
7.159000e+00	4.246358e-02	2.911239e-01
7.167000e+00	4.478992e-02	2.904569e-01
7.175000e+00	4.711085e-02	2.897728e-01
7.183000e+00	4.942624e-02	2.890716e-01
7.191000e+00	5.173595e-02	2.883534e-01
7.199000e+00	5.403985e-02	2.876183e-01
7.207000e+00	5.633780e-02	2.868663e-01
7.215000e+00	5.862966e-02	2.860974e-01
7.223000e+00	6.091531e-02	2.853118e-01
7.231000e+00	6.319461e-02	2.845095e-01
7.239000e+00	6.546742e-02	2.836905e-01
7.247000e+00	6.773361e-02	2.828550e-01
7.255000e+00	6.999305e-02	2.820029e-01
7.263000e+00	7.224561e-02	2.811345e-01
7.271000e+00	7.449116e-02	2.802496e-01
7.279000e+00	7.672956e-02	2.793485e-01
7.287000e+00	7.896069e-02	2.784311e-01
7.295000e+00	8.118442e-02	2.774976e-01
7.303000e+00	8.340061e-02	2.765479e-01
7.311000e+00	8.560914e-02	2.755823e-01
7.319000e+00	8.780989e-02	2.746007e-01
7.327000e+00	9.000271e-02	2.736033e-01
7.335000e+00	9.218750e-02	2.725901e-01
7.343000e+00	9.436411e-02	2.715611e-01
7.351000e+00	9.653243e-02	2.705166e-01
7.359000e+00	9.869234e-02	2.694564e-01
7.367000e+00	1.008437e-01	2.683808e-01
7.375000e+00	1.029864e-01	2.672898e-01
7.383000e+00	1.051203e-01	2.661835e-01
7.391000e+00	1.072453e-01	2.650619e-01
7.399000e+00	1.093612e-01	2.639252e-01
7.407000e+00	1.114680e-01	2.627734e-01
7.415000e+00	1.135656e-01	2.616066e-01
7.423000e+00	1.156537e-01	2.604249e-01
7.431000e+00	1.177323e-01	2.592284e-01
7.439000e+00	1.198013e-01	2.580172e-01
7.447000e+00	1.218606e-01	2.567913e-01
7.455000e+00	1.239099e-01	2.555509e-01
7.463000e+00	1.259493e-01	2.542960e-01
7.471000e+00	1.279786e-01	2.530267e-01
7.479000e+00	1.299977e-01	2.517432e-01
7.487000e+00	1.320065e-01	2.504454e-01
7.495000e+00	1.340048e-01	2.491336e-01
7.503000e+00	1.359926e-01	2.478077e-01
7.511000e+00	1.379697e-01	2.464679e-01
7.519000e+00	1.399360e-01	2.451143e-01
7.527000e+00	1.418915e-01	2.437470e-01
7.535000e+00	1.438360e-01	2.423660e-01
7.543000e+00	1.457693e-01	2.409715e-01
7.551000e+00	1.476915e-01	2.395636e-01
7.559000e+00	1.496023e-01	2.381423e-01
7.567000e+00	1.515017e-01	2.367078e-01
7.575000e+00	1.533896e-01	2.352602e-01
7.583000e+00	1.552658e-01	2.337995e-01
7.591000e+00	1.571304e-01	2.323258e-01
7.599000e+00	1.589830e-01	2.308394e-01
7.607000e+00	1.608237e-01	2.293402e-01
7.615000e+00	1.626524e-01	2.278283e-01
7.623000e+00	1.644690e-01	2.263039e-01
7.631000e+00	1.662733e-01	2.247671e-01
7.639000e+00	1.680652e-01	2.232180e-01
7.647000e+00	1.698447e-01	2.216567e-01
7.655000e+00	1.716117e-01	2.200832e-01
7.663000e+00	1.733660e-01	2.184978e-01
7.671000e+00	1.751076e-01	2.169004e-01
7.679000e+00	1.768364e-01	2.152913e-01
7.687000e+00	1.785522e-01	2.136705e-01
7.695000e+00	1.802551e-01	2.120381e-01
7.703000e+00	1.819448e-01	2.103943e-01
7.711000e+00	1.836214e-01	2.087391e-01
7.719000e+00	1.852846e-01	2.070726e-01
7.727000e+00	1.869345e-01	2.053951e-01
7.735000e+00	1.885709e-01	2.037065e-01
7.743000e+00	1.901938e-01	2.020070e-01
7.751000e+00	1.918030e-01	2.002968e-01
7.759000e+00	1.933985e-01	1.985759e-01
7.767000e+00	1.949802e-01	1.968444e-01
7.775000e+00	1.965480e-01	1.951024e-01
7.783000e+00	1.981018e-01	1.933502e-01
7.791000e+00	1.996416e-01	1.915877e-01
7.799000e+00	2.011672e-01	1.898151e-01
7.807000e+00	2.026786e-01	1.880325e-01
7.815000e+00	2.041757e-01	1.862401e-01
7.823000e+00	2.056584e-01	1.844380e-01
7.831000e+00	2.071266e-01	1.826262e-01
7.839000e+00	2.085804e-01	1.808049e-01
7.847000e+00	2.100195e-01	1.789742e-01
7.855000e+00	2.114439e-01	1.771343e-01
7.863000e+00	2.128536e-01	1.752852e-01
7.871000e+00	2.142485e-01	1.734270e-01
7.879000e+00	2.156284e-01	1.715600e-01
7.887000e+00	2.169934e-01	1.696842e-01
7.895000e+00	2.183434e-01	1.677998e-01
7.903000e+00	2.196782e-01	1.659067e-01
7.911000e+00	2.209978e-01	1.640053e-01
7.919000e+00	2.223023e-01	1.620956e-01
7.927000e+00	2.235913e-01	1.601777e-01
7.935000e+00	2.248651e-01	1.582518e-01
7.943000e+00	2.261234e-01	1.563180e-01
7.951000e+00	2.273661e-01	1.543764e-01
7.959000e+00	2.285934e-01	1.524271e-01
7.967000e+00	2.298050e-01	1.504702e-01
7.975000e+00	2.310009e-01	1.485060e-01
7.983000e+00	2.321810e-01	1.465344e-01
7.991000e+00	2.333454e-01	1.445557e-01
7.999000e+00	2.344939e-01	1.425700e-01
8.007000e+00	2.356265e-01	1.405773e-01
8.015000e+00	2.367431e-01	1.385779e-01
8.023000e+00	2.378437e-01	1.365718e-01
8.031000e+00	2.389283e-01	1.345592e-01
8.039000e+00	2.399967e-01	1.325402e-01
8.047000e+00	2.410489e-01	1.305149e-01
8.055000e+00	2.420849e-01	1.284835e-01
8.063000e+00	2.431046e-01	1.264461e-01
8.071000e+00	2.441080e-01	1.244028e-01
8.079000e+00	2.450950e-01	1.223537e-01
8.087000e+00	2.460656e-01	1.202991e-01
8.095000e+00	2.470198e-01	1.182389e-01
8.103000e+00	2.479575e-01	1.161734e-01
8.111000e+00	2.488786e-01	1.141027e-01
8.119000e+00	2.497831e-01	1.120268e-01
8.127000e+00	2.506710e-01	1.099460e-01
8.135000e+00	2.515422e-01	1.078604e-01
8.143000e+00	2.523967e-01	1.057701e-01
8.151000e+00	2.532345e-01	1.036752e-01
8.159000e+00	2.540555e-01	1.015759e-01
8.167000e+00	2.548597e-01	9.947222e-02
8.175000e+00	2.556471e-01	9.736441e-02
8.183000e+00	2.564175e-01	9.525255e-02
8.191000e+00	2.571711e-01	9.313679e-02
8.199000e+00	2.579077e-01	9.101726e-02
8.207000e+00	2.586274e-01	8.889408e-02
8.215000e+00	2.593300e-01	8.676740e-02
8.223000e+00	2.600156e-01	8.463734e-02
8.231000e+00	2.606842e-01	8.250403e-02
8.239000e+00	2.613357e-01	8.036762e-02
8.247000e+00	2.619701e-01	7.822823e-02
8.255000e+00	2.625873e-01	7.608600e-02
8.263000e+00	2.631874e-01	7.394106e-02
8.271000e+00	2.637704e-01	7.179355e-02
8.279000e+00	2.643361e-01	6.964359e-02
8.287000e+00	2.648847e-01	6.749133e-02
8.295000e+00	2.654160e-01	6.533689e-02
8.303000e+00	2.659301e-01	6.318041e-02
8.311000e+00	2.664269e-01	6.102202e-02
8.319000e+00	2.669064e-01	5.886186e-02
8.327000e+00	2.673687e-01	5.670006e-02
8.335000e+00	2.678136e-01	5.453675e-02
8.343000e+00	2.682412e-01	5.237208e-02
8.351000e+00	2.686516e-01	5.020616e-02
8.359000e+00	2.690445e-01	4.803914e-02
8.367000e+00	2.694202e-01	4.587115e-02
8.375000e+00	2.697785e-01	4.370232e-02
8.383000e+00	2.701194e-01	4.153279e-02
8.391000e+00	2.704430e-01	3.936268e-02
8.399000e+00	2.707492e-01	3.719214e-02
8.407000e+00	2.710381e-01	3.502130e-02
8.415000e+00	2.713096e-01	3.285028e-02
8.423000e+00	2.715637e-01	3.067923e-02
8.431000e+00	2.718004e-01	2.850828e-02
8.439000e+00	2.720198e-01	2.633755e-02
8.447000e+00	2.722218e-01	2.416718e-02
8.455000e+00	2.724065e-01	2.199731e-02
8.463000e+00	2.725738e-01	1.982806e-02
8.471000e+00	2.727237e-01	1.765958e-02
8.479000e+00	2.728563e-01	1.549198e-02
8.487000e+00	2.729716e-01	1.332541e-02
8.495000e+00	2.730695e-01	1.116000e-02
8.503000e+00	2.731502e-01	8.995867e-03
8.511000e+00	2.732135e-01	6.833157e-03
8.519000e+00	2.732595e-01	4.671997e-03
8.527000e+00	2.732882e-01	2.512518e-03
8.535000e+00	2.732997e-01	3.548522e-04
8.543000e+00	2.732939e-01	-1.800871e-03
8.551000e+00	2.732709e-01	-3.954520e-03
8.559000e+00	2.732307e-01	-6.105965e-03
8.567000e+00	2.731732e-01	-8.255076e-03
8.575000e+00	2.730986e-01	-1.040172e-02
8.583000e+00	2.730068e-01	-1.254578e-02
8.591000e+00	2.728979e-01	-1.468711e-02
8.599000e+00	2.727718e-01	-1.682559e-02
8.607000e+00	2.726287e-01	-1.896108e-02
8.615000e+00	2.724684e-01	-2.109347e-02
8.623000e+00	2.722912e-01	-2.322262e-02
8.631000e+00	2.720969e-01	-2.534841e-02
8.639000e+00	2.718856e-01	-2.747070e-02
8.647000e+00	2.716574e-01	-2.958937e-02
8.655000e+00	2.714122e-01	-3.170429e-02
8.663000e+00	2.711501e-01	-3.381534e-02
8.671000e+00	2.708711e-01	-3.592239e-02
8.679000e+00	2.705754e-01	-3.802531e-02
8.687000e+00	2.702628e-01	-4.012398e-02
8.695000e+00	2.699334e-01	-4.221827e-02
8.703000e+00	2.695873e-01	-4.430805e-02
8.711000e+00	2.692245e-01	-4.639321e-02
8.719000e+00	2.688450e-01	-4.847362e-02
8.727000e+00	2.684489e-01	-5.054916e-02
8.735000e+00	2.680362e-01	-5.261969e-02
8.743000e+00	2.676070e-01	-5.468511e-02
8.751000e+00	2.671613e-01	-5.674527e-02
8.759000e+00	2.666991e-01	-5.880008e-02
8.767000e+00	2.662205e-01	-6.084939e-02
8.775000e+00	2.657255e-01	-6.289309e-02
8.783000e+00	2.652142e-01	-6.493106e-02
8.791000e+00	2.646866e-01	-6.696319e-02
8.799000e+00	2.641428e-01	-6.898934e-02
8.807000e+00	2.635828e-01	-7.100939e-02
8.815000e+00	2.630067e-01	-7.302324e-02
8.823000e+00	2.624145e-01	-7.503076e-02
8.831000e+00	2.618062e-01	-7.703184e-02
8.839000e+00	2.611820e-01	-7.902634e-02
8.847000e+00	2.605418e-01	-8.101417e-02
8.855000e+00	2.598858e-01	-8.299520e-02
8.863000e+00	2.592139e-01	-8.496931e-02
8.871000e+00	2.585263e-01	-8.693639e-02
8.879000e+00	2.578229e-01	-8.889633e-02
8.887000e+00	2.571040e-01	-9.084900e-02
8.895000e+00	2.563694e-01	-9.279430e-02
8.903000e+00	2.556193e-01	-9.473212e-02
8.911000e+00	2.548537e-01	-9.666233e-02
8.919000e+00	2.540727e-01	-9.858483e-02
8.927000e+00	2.532763e-01	-1.004995e-01
8.935000e+00	2.524647e-01	-1.024062e-01
8.943000e+00	2.516379e-01	-1.043049e-01
8.951000e+00	2.507959e-01	-1.061954e-01
8.959000e+00	2.499388e-01	-1.080777e-01
8.967000e+00	2.490666e-01	-1.099516e-01
8.975000e+00	2.481796e-01	-1.118170e-01
8.983000e+00	2.472776e-01	-1.136738e-01
8.991000e+00	2.463608e-01	-1.155219e-01
8.999000e+00	2.454293e-01	-1.173612e-01
9.007000e+00	2.444830e-01	-1.191916e-01
9.015000e+00	2.435222e-01	-1.210129e-01
9.023000e+00	2.425469e-01	-1.228252e-01
9.031000e+00	2.415570e-01	-1.246282e-01
9.039000e+00	2.405528e-01	-1.264219e-01
9.047000e+00	2.395343e-01	-1.282061e-01
9.055000e+00	2.385016e-01	-1.299808e-01
9.063000e+00	2.374547e-01	-1.317459e-01
9.071000e+00	2.363937e-01	-1.335012e-01
9.079000e+00	2.353187e-01	-1.352467e-01
9.087000e+00	2.342297e-01	-1.369823e-01
9.095000e+00	2.331270e-01	-1.387078e-01
9.103000e+00	2.320104e-01	-1.404231e-01
9.111000e+00	2.308802e-01	-1.421283e-01
9.119000e+00	2.297364e-01	-1.438231e-01
9.127000e+00	2.285791e-01	-1.455075e-01
9.135000e+00	2.274083e-01	-1.471814e-01
9.143000e+00	2.262242e-01	-1.488446e-01
9.151000e+00	2.250268e-01	-1.504971e-01
9.159000e+00	2.238163e-01	-1.521389e-01
9.167000e+00	2.225926e-01	-1.537697e-01
9.175000e+00	2.213560e-01	-1.553895e-01
9.183000e+00	2.201064e-01	-1.569983e-01
9.191000e+00	2.188441e-01	-1.585959e-01
9.199000e+00	2.175689e-01	-1.601823e-01
9.207000e+00	2.162812e-01	-1.617572e-01
9.215000e+00	2.149809e-01	-1.633208e-01
9.223000e+00	2.136681e-01	-1.648728e-01
9.231000e+00	2.123429e-01	-1.664132e-01
9.239000e+00	2.110055e-01	-1.679420e-01
9.247000e+00	2.096559e-01	-1.694589e-01
9.255000e+00	2.082942e-01	-1.709640e-01
9.263000e+00	2.069205e-01	-1.724571e-01
9.271000e+00	2.055349e-01	-1.739382e-01
9.279000e+00	2.041375e-01	-1.754072e-01
9.287000e+00	2.027284e-01	-1.768640e-01
9.295000e+00	2.013077e-01	-1.783085e-01
9.303000e+00	1.998755e-01	-1.797407e-01
9.311000e+00	1.984319e-01	-1.811604e-01
9.319000e+00	1.969770e-01	-1.825676e-01
9.327000e+00	1.955108e-01	-1.839623e-01
9.335000e+00	1.940336e-01	-1.853443e-01
9.343000e+00	1.925454e-01	-1.867135e-01
9.351000e+00	1.910462e-01	-1.880699e-01
9.359000e+00	1.895363e-01	-1.894135e-01
9.367000e+00	1.880157e-01	-1.907440e-01
9.375000e+00	1.864844e-01	-1.920616e-01
9.383000e+00	1.849427e-01	-1.933660e-01
9.391000e+00	1.833906e-01	-1.946573e-01
9.399000e+00	1.818282e-01	-1.959353e-01
9.407000e+00	1.802557e-01	-1.972001e-01
9.415000e+00	1.786731e-01	-1.984514e-01
9.423000e+00	1.770805e-01	-1.996893e-01
9.431000e+00	1.754781e-01	-2.009137e-01
9.439000e+00	1.738659e-01	-2.021245e-01
9.447000e+00	1.722441e-01	-2.033217e-01
9.455000e+00	1.706128e-01	-2.045051e-01
9.463000e+00	1.689721e-01	-2.056749e-01
9.471000e+00	1.673220e-01	-2.068307e-01
9.479000e+00	1.656628e-01	-2.079727e-01
9.487000e+00	1.639945e-01	-2.091008e-01
9.495000e+00	1.623172e-01	-2.102148e-01
9.503000e+00	1.606311e-01	-2.113148e-01
9.511000e+00	1.589362e-01	-2.124006e-01
9.519000e+00	1.572327e-01	-2.134723e-01
9.527000e+00	1.555207e-01	-2.145298e-01
9.535000e+00	1.538003e-01	-2.155729e-01
9.543000e+00	1.520716e-01	-2.166018e-01
9.551000e+00	1.503347e-01	-2.176162e-01
9.559000e+00	1.485898e-01	-2.186162e-01
9.567000e+00	1.468369e-01	-2.196017e-01
9.575000e+00	1.450762e-01	-2.205726e-01
9.583000e+00	1.433078e-01	-2.215290e-01
9.591000e+00	1.415318e-01	-2.224707e-01
9.599000e+00	1.397483e-01	-2.233977e-01
9.607000e+00	1.379574e-01	-2.243100e-01
9.615000e+00	1.361593e-01	-2.252075e-01
9.623000e+00	1.343541e-01	-2.260902e-01
9.631000e+00	1.325419e-01	-2.269580e-01
9.639000e+00	1.307229e-01	-2.278110e-01
9.647000e+00	1.288970e-01	-2.286489e-01
9.655000e+00	1.270645e-01	-2.294719e-01
9.663000e+00	1.252255e-01	-2.302799e-01
9.671000e+00	1.233801e-01	-2.310728e-01
9.679000e+00	1.215284e-01	-2.318505e-01
9.687000e+00	1.196705e-01	-2.326132e-01
9.695000e+00	1.178066e-01	-2.333606e-01
9.703000e+00	1.159368e-01	-2.340929e-01
9.711000e+00	1.140612e-01	-2.348099e-01
9.719000e+00	1.121799e-01	-2.355116e-01
9.727000e+00	1.102930e-01	-2.361981e-01
9.735000e+00	1.084007e-01	-2.368691e-01
9.743000e+00	1.065031e-01	-2.375248e-01
9.751000e+00	1.046004e-01	-2.381652e-01
9.759000e+00	1.026925e-01	-2.387900e-01
9.767000e+00	1.007798e-01	-2.393995e-01
9.775000e+00	9.886219e-02	-2.399934e-01
9.783000e+00	9.693992e-02	-2.405719e-01
9.791000e+00	9.501309e-02	-2.411348e-01
9.799000e+00	9.308181e-02	-2.416822e-01
9.807000e+00	9.114621e-02	-2.422140e-01
9.815000e+00	8.920643e-02	-2.427302e-01
9.823000e+00	8.726257e-02	-2.432308e-01
9.831000e+00	8.531477e-02	-2.437157e-01
9.839000e+00	8.336316e-02	-2.441850e-01
9.847000e+00	8.140786e-02	-2.446387e-01
9.855000e+00	7.944898e-02	-2.450766e-01
9.863000e+00	7.748667e-02	-2.454989e-01
9.871000e+00	7.552104e-02	-2.459054e-01
9.879000e+00	7.355223e-02	-2.462962e-01
9.887000e+00	7.158035e-02	-2.466713e-01
9.895000e+00	6.960553e-02	-2.470306e-01
9.903000e+00	6.762790e-02	-2.473741e-01
9.911000e+00	6.564759e-02	-2.477019e-01
9.919000e+00	6.366471e-02	-2.480139e-01
9.927000e+00	6.167940e-02	-2.483101e-01
9.935000e+00	5.969179e-02	-2.485906e-01
9.943000e+00	5.770200e-02	-2.488552e-01
9.951000e+00	5.571015e-02	-2.491040e-01
9.959000e+00	5.371638e-02	-2.493370e-01
9.967000e+00	5.172080e-02	-2.495542e-01
9.975000e+00	4.972355e-02	-2.497556e-01
9.983000e+00	4.772475e-02	-2.499412e-01
9.991000e+00	4.572453e-02	-2.501109e-01
9.999000e+00	4.372302e-02	-2.502649e-01
1.000700e+01	4.172034e-02	-2.504031e-01
1.001500e+01	3.971661e-02	-2.505254e-01
1.002300e+01	3.771197e-02	-2.506319e-01
1.003100e+01	3.570654e-02	-2.507227e-01
1.003900e+01	3.370045e-02	-2.507977e-01
1.004700e+01	3.169382e-02	-2.508568e-01
1.005500e+01	2.968679e-02	-2.509002e-01
1.006300e+01	2.767946e-02	-2.509279e-01
1.007100e+01	2.567198e-02	-2.509398e-01
1.007900e+01	2.366447e-02	-2.509359e-01
1.008700e+01	2.165705e-02	-2.509163e-01
1.009500e+01	1.964985e-02	-2.508810e-01
1.010300e+01	1.764299e-02	-2.508300e-01
1.011100e+01	1.563661e-02	-2.507633e-01
1.011900e+01	1.363082e-02	-2.506809e-01
1.012700e+01	1.162576e-02	-2.505829e-01
1.013500e+01	9.621537e-03	-2.504692e-01
1.014300e+01	7.618290e-03	-2.503400e-01
1.015100e+01	5.616139e-03	-2.501951e-01
1.015900e+01	3.615210e-03	-2.500346e-01
1.016700e+01	1.615627e-03	-2.498586e-01
1.017500e+01	-3.824852e-04	-2.496670e-01
1.018300e+01	-2.379003e-03	-2.494599e-01
1.019100e+01	-4.373802e-03	-2.492373e-01
1.019900e+01	-6.366759e-03	-2.489993e-01
1.020700e+01	-8.357750e-03	-2.487458e-01
1.021500e+01	-1.034665e-02	-2.484770e-01
1.022300e+01	-1.233334e-02	-2.481927e-01
1.023100e+01	-1.431769e-02	-2.478931e-01
1.023900e+01	-1.629959e-02	-2.475781e-01
1.024700e+01	-1.827890e-02	-2.472479e-01
1.025500e+01	-2.025551e-02	-2.469024e-01
1.026300e+01	-2.222930e-02	-2.465417e-01
1.027100e+01	-2.420014e-02	-2.461658e-01
1.027900e+01	-2.616791e-02	-2.457747e-01
1.028700e+01	-2.813250e-02	-2.453685e-01
1.029500e+01	-3.009377e-02	-2.449472e-01
1.030300e+01	-3.205161e-02	-2.445109e-01
1.031100e+01	-3.400590e-02	-2.440595e-01
1.031900e+01	-3.595652e-02	-2.435932e-01
1.032700e+01	-3.790335e-02	-2.431119e-01
1.033500e+01	-3.984627e-02	-2.426158e-01
1.034300e+01	-4.178517e-02	-2.421048e-01
1.035100e+01	-4.371991e-02	-2.415789e-01
1.035900e+01	-4.565039e-02	-2.410384e-01
1.036700e+01	-4.757648e-02	-2.404831e-01
1.037500e+01	-4.949808e-02	-2.399131e-01
1.038300e+01	-5.141506e-02	-2.393285e-01
1.039100e+01	-5.332730e-02	-2.387293e-01
1.039900e+01	-5.523469e-02	-2.381156e-01
1.040700e+01	-5.713711e-02	-2.374874e-01
1.041500e+01	-5.903444e-02	-2.368447e-01
1.042300e+01	-6.092658e-02	-2.361877e-01
1.043100e+01	-6.281341e-02	-2.355163e-01
1.043900e+01	-6.469481e-02	-2.348307e-01
1.044700e+01	-6.657066e-02	-2.341308e-01
1.045500e+01	-6.844086e-02	-2.334167e-01
1.046300e+01	-7.030529e-02	-2.326886e-01
1.047100e+01	-7.216384e-02	-2.319463e-01
1.047900e+01	-7.401640e-02	-2.311901e-01
1.048700e+01	-7.586284e-02	-2.304199e-01
1.049500e+01	-7.770308e-02	-2.296358e-01
1.050300e+01	-7.953698e-02	-2.288378e-01
1.051100e+01	-8.136444e-02	-2.280261e-01
1.051900e+01	-8.318536e-02	-2.272007e-01
1.052700e+01	-8.499962e-02	-2.263616e-01
1.053500e+01	-8.680711e-02	-2.255089e-01
1.054300e+01	-8.860773e-02	-2.246427e-01
1.055100e+01	-9.040136e-02	-2.237631e-01
1.055900e+01	-9.218790e-02	-2.228700e-01
1.056700e+01	-9.396724e-02	-2.219636e-01
1.057500e+01	-9.573928e-02	-2.210439e-01
1.058300e+01	-9.750391e-02	-2.201111e-01
1.059100e+01	-9.926102e-02	-2.191651e-01
1.059900e+01	-1.010105e-01	-2.182060e-01
1.060700e+01	-1.027523e-01	-2.172339e-01
1.061500e+01	-1.044862e-01	-2.162489e-01
1.062300e+01	-1.062122e-01	-2.152510e-01
1.063100e+01	-1.079302e-01	-2.142404e-01
1.063900e+01	-1.096400e-01	-2.132170e-01
1.064700e+01	-1.113416e-01	-2.121810e-01
1.065500e+01	-1.130349e-01	-2.111324e-01
1.066300e+01	-1.147197e-01	-2.100713e-01
1.067100e+01	-1.163960e-01	-2.089979e-01
1.067900e+01	-1.180637e-01	-2.079120e-01
1.068700e+01	-1.197226e-01	-2.068139e-01
1.069500e+01	-1.213727e-01	-2.057036e-01
1.070300e+01	-1.230138e-01	-2.045812e-01
1.071100e+01	-1.246459e-01	-2.034468e-01
1.071900e+01	-1.262689e-01	-2.023004e-01
1.072700e+01	-1.278827e-01	-2.011421e-01
1.073500e+01	-1.294872e-01	-1.999721e-01
1.074300e+01	-1.310822e-01	-1.987903e-01
1.075100e+01	-1.326678e-01	-1.975969e-01
1.075900e+01	-1.342437e-01	-1.963919e-01
1.076700e+01	-1.358100e-01	-1.951755e-01
1.077500e+01	-1.373665e-01	-1.939477e-01
1.078300e+01	-1.389131e-01	-1.927086e-01
1.079100e+01	-1.404498e-01	-1.914583e-01
1.079900e+01	-1.419765e-01	-1.901969e-01
1.080700e+01	-1.434929e-01	-1.889244e-01
1.081500e+01	-1.449992e-01	-1.876409e-01
1.082300e+01	-1.464952e-01	-1.863467e-01
1.083100e+01	-1.479807e-01	-1.850416e-01
1.083900e+01	-1.494558e-01	-1.837258e-01
1.084700e+01	-1.509203e-01	-1.823995e-01
1.085500e+01	-1.523742e-01	-1.810626e-01
1.086300e+01	-1.538173e-01	-1.797153e-01
1.087100e+01	-1.552496e-01	-1.783577e-01
1.087900e+01	-1.566710e-01	-1.769899e-01
1.088700e+01	-1.580814e-01	-1.756119e-01
1.089500e+01	-1.594807e-01	-1.742238e-01
1.090300e+01	-1.608690e-01	-1.728259e-01
1.091100e+01	-1.622459e-01	-1.714180e-01
1.091900e+01	-1.636116e-01	-1.700004e-01
1.092700e+01	-1.649659e-01	-1.685731e-01
1.093500e+01	-1.663088e-01	-1.671362e-01
1.094300e+01	-1.676401e-01	-1.656899e-01
1.095100e+01	-1.689598e-01	-1.642342e-01
1.095900e+01	-1.702678e-01	-1.627692e-01
1.096700e+01	-1.715641e-01	-1.612950e-01
1.097500e+01	-1.728485e-01	-1.598117e-01
1.098300e+01	-1.741210e-01	-1.583194e-01
1.099100e+01	-1.753816e-01	-1.568182e-01
1.099900e+01	-1.766301e-01	-1.553083e-01
1.100700e+01	-1.778665e-01	-1.537896e-01
1.101500e+01	-1.790907e-01	-1.522624e-01
1.102300e+01	-1.803027e-01	-1.507266e-01
1.103100e+01	-1.815023e-01	-1.491825e-01
1.103900e+01	-1.826896e-01	-1.476301e-01
1.104700e+01	-1.838644e-01	-1.460695e-01
1.105500e+01	-1.850266e-01	-1.445009e-01
1.106300e+01	-1.861764e-01	-1.429242e-01
1.107100e+01	-1.873134e-01	-1.413397e-01
1.107900e+01	-1.884378e-01	-1.397474e-01
1.108700e+01	-1.895494e-01	-1.381475e-01
1.109500e+01	-1.906481e-01	-1.365400e-01
1.110300e+01	-1.917340e-01	-1.349250e-01
1.111100e+01	-1.928069e-01	-1.333027e-01
1.111900e+01	-1.938668e-01	-1.316732e-01
1.112700e+01	-1.949136e-01	-1.300365e-01
1.113500e+01	-1.959474e-01	-1.283928e-01
1.114300e+01	-1.969679e-01	-1.267422e-01
1.115100e+01	-1.979752e-01	-1.250848e-01
1.115900e+01	-1.989692e-01	-1.234206e-01
1.116700e+01	-1.999499e-01	-1.217499e-01
1.117500e+01	-2.009172e-01	-1.200727e-01
1.118300e+01	-2.018711e-01	-1.183891e-01
1.119100e+01	-2.028114e-01	-1.166992e-01
1.119900e+01	-2.037382e-01	-1.150032e-01
1.120700e+01	-2.046515e-01	-1.133011e-01
1.121500e+01	-2.055511e-01	-1.115931e-01
1.122300e+01	-2.064369e-01	-1.098793e-01
1.123100e+01	-2.073091e-01	-1.081597e-01
1.123900e+01	-2.081675e-01	-1.064346e-01
1.124700e+01	-2.090120e-01	-1.047039e-01
1.125500e+01	-2.098427e-01	-1.029679e-01
1.126300e+01	-2.106595e-01	-1.012266e-01
1.127100e+01	-2.114623e-01	-9.948017e-02
1.127900e+01	-2.122512e-01	-9.772868e-02
1.128700e+01	-2.130260e-01	-9.597225e-02
1.129500e+01	-2.137867e-01	-9.421101e-02
1.130300e+01	-2.145334e-01	-9.244506e-02
1.131100e+01	-2.152658e-01	-9.067452e-02
1.131900e+01	-2.159841e-01	-8.889950e-02
1.132700e+01	-2.166882e-01	-8.712012e-02
1.133500e+01	-2.173780e-01	-8.533649e-02
1.134300e+01	-2.180536e-01	-8.354872e-02
1.135100e+01	-2.187148e-01	-8.175693e-02
1.135900e+01	-2.193617e-01	-7.996124e-02
1.136700e+01	-2.199942e-01	-7.816176e-02
1.137500e+01	-2.206123e-01	-7.635860e-02
1.138300e+01	-2.212159e-01	-7.455187e-02
1.139100e+01	-2.218051e-01	-7.274171e-02
1.139900e+01	-2.223798e-01	-7.092821e-02
1.140700e+01	-2.229399e-01	-6.911149e-02
1.141500e+01	-2.234855e-01	-6.729168e-02
1.142300e+01	-2.240166e-01	-6.546889e-02
1.143100e+01	-2.245330e-01	-6.364322e-02
1.143900e+01	-2.250349e-01	-6.181481e-02
1.144700e+01	-2.255221e-01	-5.998376e-02
1.145500e+01	-2.259946e-01	-5.815019e-02
1.146300e+01	-2.264525e-01	-5.631422e-02
1.147100e+01	-2.268956e-01	-5.447596e-02
1.147900e+01	-2.273241e-01	-5.263553e-02
1.148700e+01	-2.277378e-01	-5.079305e-02
1.149500e+01	-2.281368e-01	-4.894863e-02
1.150300e+01	-2.285210e-01	-4.710239e-02
1.151100e+01	-2.288904e-01	-4.525445e-02
1.151900e+01	-2.292450e-01	-4.340492e-02
1.152700e+01	-2.295849e-01	-4.155392e-02
1.153500e+01	-2.299099e-01	-3.970157e-02
1.154300e+01	-2.302201e-01	-3.784798e-02
1.155100e+01	-2.305155e-01	-3.599327e-02
1.155900e+01	-2.307960e-01	-3.413756e-02
1.156700e+01	-2.310617e-01	-3.228096e-02
1.157500e+01	-2.313125e-01	-3.042359e-02
1.158300e+01	-2.315484e-01	-2.856557e-02
1.159100e+01	-2.317695e-01	-2.670701e-02
1.159900e+01	-2.319757e-01	-2.484803e-02
1.160700e+01	-2.321671e-01	-2.298875e-02
1.161500e+01	-2.323436e-01	-2.112928e-02
1.162300e+01	-2.325052e-01	-1.926974e-02
1.163100e+01	-2.326519e-01	-1.741024e-02
1.163900e+01	-2.327837e-01	-1.555091e-02
1.164700e+01	-2.329007e-01	-1.369186e-02
1.165500e+01	-2.330028e-01	-1.183320e-02
1.166300e+01	-2.330900e-01	-9.975054e-03
1.167100e+01	-2.331624e-01	-8.117533e-03
1.167900e+01	-2.332199e-01	-6.260754e-03
1.168700e+01	-2.332626e-01	-4.404833e-03
1.169500e+01	-2.332904e-01	-2.549886e-03
1.170300e+01	-2.333034e-01	-6.960280e-04
1.171100e+01	-2.333015e-01	1.156626e-03
1.171900e+01	-2.332849e-01	3.007960e-03
1.172700e+01	-2.332534e-01	4.857860e-03
1.173500e+01	-2.332071e-01	6.706211e-03
1.174300e+01	-2.331461e-01	8.552897e-03
1.175100e+01	-2.330703e-01	1.039781e-02
1.175900e+01	-2.329798e-01	1.224082e-02
1.176700e+01	-2.328745e-01	1.408183e-02
1.177500e+01	-2.327544e-01	1.592072e-02
1.178300e+01	-2.326197e-01	1.775737e-02
1.179100e+01	-2.324703e-01	1.959167e-02
1.179900e+01	-2.323063e-01	2.142352e-02
1.180700e+01	-2.321276e-01	2.325279e-02
1.181500e+01	-2.319342e-01	2.507937e-02
1.182300e+01	-2.317263e-01	2.690315e-02
1.183100e+01	-2.315038e-01	2.872402e-02
1.183900e+01	-2.312667e-01	3.054187e-02
1.184700e+01	-2.310151e-01	3.235658e-02
1.185500e+01	-2.307490e-01	3.416804e-02
1.186300e+01	-2.304685e-01	3.597614e-02
1.187100e+01	-2.301734e-01	3.778077e-02
1.187900e+01	-2.298640e-01	3.958182e-02
1.188700e+01	-2.295401e-01	4.137918e-02
1.189500e+01	-2.292019e-01	4.317274e-02
1.190300e+01	-2.288494e-01	4.496238e-02
1.191100e+01	-2.284825e-01	4.674801e-02
1.191900e+01	-2.281014e-01	4.852950e-02
1.192700e+01	-2.277061e-01	5.030676e-02
1.193500e+01	-2.272965e-01	5.207967e-02
1.194300e+01	-2.268728e-01	5.384812e-02
1.195100e+01	-2.264350e-01	5.561201e-02
1.195900e+01	-2.259830e-01	5.737122e-02
1.196700e+01	-2.255170e-01	5.912566e-02
1.197500e+01	-2.250370e-01	6.087521e-02
1.198300e+01	-2.245430e-01	6.261977e-02
1.199100e+01	-2.240351e-01	6.435923e-02
1.199900e+01	-2.235133e-01	6.609349e-02
1.200700e+01	-2.229776e-01	6.782244e-02
1.201500e+01	-2.224282e-01	6.954598e-02
1.202300e+01	-2.218649e-01	7.126399e-02
1.203100e+01	-2.212880e-01	7.297639e-02
1.203900e+01	-2.206973e-01	7.468305e-02
1.204700e+01	-2.200930e-01	7.638389e-02
1.205500e+01	-2.194752e-01	7.807879e-02
1.206300e+01	-2.188438e-01	7.976766e-02
1.207100e+01	-2.181989e-01	8.145040e-02
1.207900e+01	-2.175406e-01	8.312689e-02
1.208700e+01	-2.168689e-01	8.479705e-02
1.209500e+01	-2.161839e-01	8.646076e-02
1.210300e+01	-2.154856e-01	8.811793e-02
1.211100e+01	-2.147740e-01	8.976847e-02
1.211900e+01	-2.140493e-01	9.141226e-02
1.212700e+01	-2.133114e-01	9.304922e-02
1.213500e+01	-2.125605e-01	9.467924e-02
1.214300e+01	-2.117966e-01	9.630223e-02
1.215100e+01	-2.110197e-01	9.791808e-02
1.215900e+01	-2.102299e-01	9.952671e-02
1.216700e+01	-2.094273e-01	1.011280e-01
1.217500e+01	-2.086119e-01	1.027219e-01
1.218300e+01	-2.077837e-01	1.043083e-01
1.219100e+01	-2.069430e-01	1.058870e-01
1.219900e+01	-2.060896e-01	1.074581e-01
1.220700e+01	-2.052237e-01	1.090213e-01
1.221500e+01	-2.043453e-01	1.105767e-01
1.222300e+01	-2.034544e-01	1.121241e-01
1.223100e+01	-2.025513e-01	1.136634e-01
1.223900e+01	-2.016359e-01	1.151945e-01
1.224700e+01	-2.007082e-01	1.167174e-01
1.225500e+01	-1.997684e-01	1.182319e-01
1.226300e+01	-1.988165e-01	1.197380e-01
1.227100e+01	-1.978526e-01	1.212356e-01
1.227900e+01	-1.968768e-01	1.227245e-01
1.228700e+01	-1.958890e-01	1.242047e-01
1.229500e+01	-1.948895e-01	1.256762e-01
1.230300e+01	-1.938783e-01	1.271388e-01
1.231100e+01	-1.928553e-01	1.285924e-01
1.231900e+01	-1.918208e-01	1.300369e-01
1.232700e+01	-1.907748e-01	1.314724e-01
1.233500e+01	-1.897173e-01	1.328986e-01
1.234300e+01	-1.886484e-01	1.343155e-01
1.235100e+01	-1.875682e-01	1.357230e-01
1.235900e+01	-1.864769e-01	1.371211e-01
1.236700e+01	-1.853743e-01	1.385096e-01
1.237500e+01	-1.842607e-01	1.398884e-01
1.238300e+01	-1.831361e-01	1.412576e-01
1.239100e+01	-1.820006e-01	1.426169e-01
1.239900e+01	-1.808543e-01	1.439664e-01
1.240700e+01	-1.796972e-01	1.453060e-01
1.241500e+01	-1.785294e-01	1.466355e-01
1.242300e+01	-1.773511e-01	1.479549e-01
1.243100e+01	-1.761622e-01	1.492642e-01
1.243900e+01	-1.749629e-01	1.505631e-01
1.244700e+01	-1.737532e-01	1.518518e-01
1.245500e+01	-1.725333e-01	1.531300e-01
1.246300e+01	-1.713031e-01	1.543978e-01
1.247100e+01	-1.700629e-01	1.556550e-01
1.247900e+01	-1.688127e-01	1.569016e-01
1.248700e+01	-1.675525e-01	1.581374e-01
1.249500e+01	-1.662825e-01	1.593626e-01
1.250300e+01	-1.650028e-01	1.605768e-01
1.251100e+01	-1.637133e-01	1.617802e-01
1.251900e+01	-1.624143e-01	1.629726e-01
1.252700e+01	-1.611058e-01	1.641539e-01
1.253500e+01	-1.597879e-01	1.653242e-01
1.254300e+01	-1.584606e-01	1.664832e-01
1.255100e+01	-1.571242e-01	1.676310e-01
1.255900e+01	-1.557786e-01	1.687675e-01
1.256700e+01	-1.544239e-01	1.698927e-01
1.257500e+01	-1.530603e-01	1.710064e-01
1.258300e+01	-1.516878e-01	1.721085e-01
1.259100e+01	-1.503066e-01	1.731992e-01
1.259900e+01	-1.489167e-01	1.742782e-01
1.260700e+01	-1.475182e-01	1.753455e-01
1.261500e+01	-1.461112e-01	1.764010e-01
1.262300e+01	-1.446958e-01	1.774448e-01
1.263100e+01	-1.432721e-01	1.784767e-01
1.263900e+01	-1.418402e-01	1.794967e-01
1.264700e+01	-1.404002e-01	1.805047e-01
1.265500e+01	-1.389522e-01	1.815007e-01
1.266300e+01	-1.374962e-01	1.824846e-01
1.267100e+01	-1.360324e-01	1.834563e-01
1.267900e+01	-1.345609e-01	1.844159e-01
1.268700e+01	-1.330818e-01	1.853632e-01
1.269500e+01	-1.315952e-01	1.862981e-01
1.270300e+01	-1.301011e-01	1.872208e-01
1.271100e+01	-1.285997e-01	1.881310e-01
1.271900e+01	-1.270910e-01	1.890288e-01
1.272700e+01	-1.255752e-01	1.899141e-01
1.273500e+01	-1.240524e-01	1.907869e-01
1.274300e+01	-1.225227e-01	1.916470e-01
1.275100e+01	-1.209861e-01	1.924945e-01
1.275900e+01	-1.194428e-01	1.933293e-01
1.276700e+01	-1.178929e-01	1.941514e-01
1.277500e+01	-1.163364e-01	1.949607e-01
1.278300e+01	-1.147735e-01	1.957572e-01
1.279100e+01	-1.132043e-01	1.965408e-01
1.279900e+01	-1.116289e-01	1.973115e-01
1.280700e+01	-1.100474e-01	1.980693e-01
1.281500e+01	-1.084598e-01	1.988141e-01
1.282300e+01	-1.068664e-01	1.995458e-01
1.283100e+01	-1.052671e-01	2.002645e-01
1.283900e+01	-1.036622e-01	2.009701e-01
1.284700e+01	-1.020517e-01	2.016626e-01
1.285500e+01	-1.004356e-01	2.023419e-01
1.286300e+01	-9.881422e-02	2.030080e-01
1.287100e+01	-9.718754e-02	2.036609e-01
1.287900e+01	-9.555569e-02	2.043004e-01
1.288700e+01	-9.391877e-02	2.049267e-01
1.289500e+01	-9.227689e-02	2.055396e-01
1.290300e+01	-9.063017e-02	2.061392e-01
1.291100e+01	-8.897870e-02	2.067254e-01
1.291900e+01	-8.732260e-02	2.072981e-01
1.292700e+01	-8.566197e-02	2.078574e-01
1.293500e+01	-8.399692e-02	2.084033e-01
1.294300e+01	-8.232755e-02	2.089356e-01
1.295100e+01	-8.065398e-02	2.094543e-01
1.295900e+01	-7.897632e-02	2.099596e-01
1.296700e+01	-7.729467e-02	2.104512e-01
1.297500e+01	-7.560914e-02	2.109292e-01
1.298300e+01	-7.391983e-02	2.113936e-01
1.299100e+01	-7.222687e-02	2.118444e-01
1.299900e+01	-7.053036e-02	2.122815e-01
1.300700e+01	-6.883041e-02	2.127049e-01
1.301500e+01	-6.712712e-02	2.131146e-01
1.302300e+01	-6.542061e-02	2.135106e-01
1.303100e+01	-6.371099e-02	2.138929e-01
1.303900e+01	-6.199836e-02	2.142614e-01
1.304700e+01	-6.028284e-02	2.146161e-01
1.305500e+01	-5.856454e-02	2.149570e-01
1.306300e+01	-5.684356e-02	2.152842e-01
1.307100e+01	-5.512003e-02	2.155975e-01
1.307900e+01	-5.339404e-02	2.158970e-01
1.308700e+01	-5.166571e-02	2.161827e-01
1.309500e+01	-4.993516e-02	2.164545e-01
1.310300e+01	-4.820248e-02	2.167125e-01
1.311100e+01	-4.646779e-02	2.169566e-01
1.311900e+01	-4.473121e-02	2.171869e-01
1.312700e+01	-4.299284e-02	2.174033e-01
1.313500e+01	-4.125279e-02	2.176058e-01
1.314300e+01	-3.951118e-02	2.177945e-01
1.315100e+01	-3.776812e-02	2.179692e-01
1.315900e+01	-3.602371e-02	2.181301e-01
1.316700e+01	-3.427807e-02	2.182770e-01
1.317500e+01	-3.253132e-02	2.184101e-01
1.318300e+01	-3.078355e-02	2.185293e-01
1.319100e+01	-2.903489e-02	2.186346e-01
1.319900e+01	-2.728543e-02	2.187260e-01
1.320700e+01	-2.553531e-02	2.188035e-01
1.321500e+01	-2.378462e-02	2.188671e-01
1.322300e+01	-2.203347e-02	2.189169e-01
1.323100e+01	-2.028198e-02	2.189528e-01
1.323900e+01	-1.853026e-02	2.189748e-01
1.324700e+01	-1.677842e-02	2.189829e-01
1.325500e+01	-1.502657e-02	2.189772e-01
1.326300e+01	-1.327482e-02	2.189576e-01
1.327100e+01	-1.152329e-02	2.189243e-01
1.327900e+01	-9.772073e-03	2.188770e-01
1.328700e+01	-8.021292e-03	2.188160e-01
1.329500e+01	-6.271054e-03	2.187412e-01
1.330300e+01	-4.521470e-03	2.186525e-01
1.331100e+01	-2.772651e-03	2.185501e-01
1.331900e+01	-1.024705e-03	2.184339e-01
1.332700e+01	7.222559e-04	2.183040e-01
1.333500e+01	2.468123e-03	2.181604e-01
1.334300e+01	4.212785e-03	2.180030e-01
1.335100e+01	5.956134e-03	2.178319e-01
1.335900e+01	7.698060e-03	2.176472e-01
1.336700e+01	9.438453e-03	2.174488e-01
1.337500e+01	1.117720e-02	2.172367e-01
1.338300e+01	1.291420e-02	2.170111e-01
1.339100e+01	1.464934e-02	2.167718e-01
1.339900e+01	1.638252e-02	2.165190e-01
1.340700e+01	1.811361e-02	2.162526e-01
1.341500e+01	1.984252e-02	2.159727e-01
1.342300e+01	2.156914e-02	2.156793e-01
1.343100e+01	2.329336e-02	2.153725e-01
1.343900e+01	2.501506e-02	2.150521e-01
1.344700e+01	2.673416e-02	2.147184e-01
1.345500e+01	2.845052e-02	2.143713e-01
1.346300e+01	3.016406e-02	2.140108e-01
1.347100e+01	3.187466e-02	2.136370e-01
1.347900e+01	3.358222e-02	2.132499e-01
1.348700e+01	3.528662e-02	2.128495e-01
1.349500e+01	3.698777e-02	2.124359e-01
1.350300e+01	3.868556e-02	2.120091e-01
1.351100e+01	4.037988e-02	2.115691e-01
1.351900e+01	4.207063e-02	2.111160e-01
1.352700e+01	4.375771e-02	2.106498e-01
1.353500e+01	4.544100e-02	2.101706e-01
1.354300e+01	4.712040e-02	2.096783e-01
1.355100e+01	4.879581e-02	2.091731e-01
1.355900e+01	5.046713e-02	2.086549e-01
1.356700e+01	5.213426e-02	2.081238e-01
1.357500e+01	5.379708e-02	2.075798e-01
1.358300e+01	5.545550e-02	2.070230e-01
1.359100e+01	5.710942e-02	2.064535e-01
1.359900e+01	5.875872e-02	2.058712e-01
1.360700e+01	6.040332e-02	2.052762e-01
1.361500e+01	6.204311e-02	2.046686e-01
1.362300e+01	6.367799e-02	2.040484e-01
1.363100e+01	6.530785e-02	2.034156e-01
1.363900e+01	6.693260e-02	2.027703e-01
1.364700e+01	6.855214e-02	2.021126e-01
1.365500e+01	7.016637e-02	2.014425e-01
1.366300e+01	7.177519e-02	2.007599e-01
1.367100e+01	7.337850e-02	2.000651e-01
1.367900e+01	7.497620e-02	1.993580e-01
1.368700e+01	7.656819e-02	1.986387e-01
1.369500e+01	7.815439e-02	1.979073e-01
1.370300e+01	7.973468e-02	1.971637e-01
1.371100e+01	8.130897e-02	1.964081e-01
1.371900e+01	8.287718e-02	1.956405e-01
1.372700e+01	8.443919e-02	1.948610e-01
1.373500e+01	8.599492e-02	1.940696e-01
1.374300e+01	8.754427e-02	1.932663e-01
1.375100e+01	8.908715e-02	1.924513e-01
1.375900e+01	9.062346e-02	1.916246e-01
1.376700e+01	9.215311e-02	1.907862e-01
1.377500e+01	9.367601e-02	1.899362e-01
1.378300e+01	9.519206e-02	1.890746e-01
1.379100e+01	9.670117e-02	1.882017e-01
1.379900e+01	9.820326e-02	1.873172e-01
1.380700e+01	9.969822e-02	1.864215e-01
1.381500e+01	1.011860e-01	1.855144e-01
1.382300e+01	1.026664e-01	1.845961e-01
1.383100e+01	1.041395e-01	1.836667e-01
1.383900e+01	1.056051e-01	1.827262e-01
1.384700e+01	1.070631e-01	1.817746e-01
1.385500e+01	1.085134e-01	1.808121e-01
1.386300e+01	1.099560e-01	1.798387e-01
1.387100e+01	1.113908e-01	1.788544e-01
1.387900e+01	1.128177e-01	1.778594e-01
1.388700e+01	1.142365e-01	1.768537e-01
1.389500e+01	1.156473e-01	1.758373e-01
1.390300e+01	1.170499e-01	1.748105e-01
1.391100e+01	1.184442e-01	1.737731e-01
1.391900e+01	1.198302e-01	1.727253e-01
1.392700e+01	1.212078e-01	1.716672e-01
1.393500e+01	1.225769e-01	1.705988e-01
1.394300e+01	1.239374e-01	1.695202e-01
1.395100e+01	1.252892e-01	1.684315e-01
1.395900e+01	1.266322e-01	1.673327e-01
1.396700e+01	1.279665e-01	1.662240e-01
1.397500e+01	1.292918e-01	1.651053e-01
1.398300e+01	1.306081e-01	1.639769e-01
1.399100e+01	1.319154e-01	1.628387e-01
1.399900e+01	1.332135e-01	1.616908e-01
1.400700e+01	1.345024e-01	1.605334e-01
1.401500e+01	1.357820e-01	1.593664e-01
1.402300e+01	1.370523e-01	1.581900e-01
1.403100e+01	1.383131e-01	1.570043e-01
1.403900e+01	1.395643e-01	1.558092e-01
1.404700e+01	1.408060e-01	1.546050e-01
1.405500e+01	1.420380e-01	1.533917e-01
1.406300e+01	1.432602e-01	1.521693e-01
1.407100e+01	1.444727e-01	1.509380e-01
1.407900e+01	1.456752e-01	1.496978e-01
1.408700e+01	1.468678e-01	1.484489e-01
1.409500e+01	1.480504e-01	1.471912e-01
1.410300e+01	1.492228e-01	1.459249e-01
1.411100e+01	1.503851e-01	1.446501e-01
1.411900e+01	1.515372e-01	1.433669e-01
1.412700e+01	1.526790e-01	1.420753e-01
1.413500e+01	1.538104e-01	1.407754e-01
1.414300e+01	1.549314e-01	1.394673e-01
1.415100e+01	1.560419e-01	1.381511e-01
1.415900e+01	1.571418e-01	1.368269e-01
1.416700e+01	1.582311e-01	1.354948e-01
1.417500e+01	1.593097e-01	1.341548e-01
1.418300e+01	1.603775e-01	1.328071e-01
1.419100e+01	1.614346e-01	1.314518e-01
1.419900e+01	1.624807e-01	1.300888e-01
1.420700e+01	1.635160e-01	1.287184e-01
1.421500e+01	1.645402e-01	1.273406e-01
1.422300e+01	1.655534e-01	1.259555e-01
1.423100e+01	1.665555e-01	1.245632e-01
1.423900e+01	1.675464e-01	1.231637e-01
1.424700e+01	1.685261e-01	1.217573e-01
1.425500e+01	1.694945e-01	1.203439e-01
1.426300e+01	1.704516e-01	1.189237e-01
1.427100e+01	1.713972e-01	1.174967e-01
1.427900e+01	1.723315e-01	1.160631e-01
1.428700e+01	1.732542e-01	1.146229e-01
1.429500e+01	1.741654e-01	1.131763e-01
1.430300e+01	1.750650e-01	1.117233e-01
1.431100e+01	1.759530e-01	1.102640e-01
1.431900e+01	1.768292e-01	1.087985e-01
1.432700e+01	1.776938e-01	1.073270e-01
1.433500e+01	1.785465e-01	1.058494e-01
1.434300e+01	1.793873e-01	1.043660e-01
1.435100e+01	1.802163e-01	1.028768e-01
1.435900e+01	1.810333e-01	1.013819e-01
1.436700e+01	1.818384e-01	9.988137e-02
1.437500e+01	1.826314e-01	9.837536e-02
1.438300e+01	1.834124e-01	9.686394e-02
1.439100e+01	1.841812e-01	9.534723e-02
1.439900e+01	1.849379e-01	9.382530e-02
1.440700e+01	1.856824e-01	9.229827e-02
1.441500e+01	1.864147e-01	9.076622e-02
1.442300e+01	1.871347e-01	8.922927e-02
1.443100e+01	1.878423e-01	8.768751e-02
1.443900e+01	1.885377e-01	8.614104e-02
1.444700e+01	1.892206e-01	8.458996e-02
1.445500e+01	1.898911e-01	8.303436e-02
1.446300e+01	1.905491e-01	8.147436e-02
1.447100e+01	1.911947e-01	7.991005e-02
1.447900e+01	1.918277e-01	7.834154e-02
1.448700e+01	1.924481e-01	7.676891e-02
1.449500e+01	1.930560e-01	7.519229e-02
1.450300e+01	1.936512e-01	7.361175e-02
1.451100e+01	1.942337e-01	7.202742e-02
1.451900e+01	1.948036e-01	7.043939e-02
1.452700e+01	1.953608e-01	6.884776e-02
1.453500e+01	1.959052e-01	6.725263e-02
1.454300e+01	1.964368e-01	6.565412e-02
1.455100e+01	1.969556e-01	6.405231e-02
1.455900e+01	1.974616e-01	6.244731e-02
1.456700e+01	1.979548e-01	6.083923e-02
1.457500e+01	1.984351e-01	5.922817e-02
1.458300e+01	1.989024e-01	5.761423e-02
1.459100e+01	1.993569e-01	5.599752e-02
1.459900e+01	1.997984e-01	5.437814e-02
1.460700e+01	2.002269e-01	5.275618e-02
1.461500e+01	2.006425e-01	5.113177e-02
1.462300e+01	2.010450e-01	4.950499e-02
1.463100e+01	2.014345e-01	4.787596e-02
1.463900e+01	2.018110e-01	4.624477e-02
1.464700e+01	2.021745e-01	4.461154e-02
1.465500e+01	2.025248e-01	4.297636e-02
1.466300e+01	2.028621e-01	4.133935e-02
1.467100e+01	2.031862e-01	3.970059e-02
1.467900e+01	2.034973e-01	3.806021e-02
1.468700e+01	2.037952e-01	3.641830e-02
1.469500e+01	2.040800e-01	3.477496e-02
1.470300e+01	2.043516e-01	3.313031e-02
1.471100e+01	2.046100e-01	3.148444e-02
1.471900e+01	2.048553e-01	2.983747e-02
1.472700e+01	2.050874e-01	2.818949e-02
1.473500e+01	2.053064e-01	2.654061e-02
1.474300e+01	2.055121e-01	2.489093e-02
1.475100e+01	2.057046e-01	2.324056e-02
1.475900e+01	2.058839e-01	2.158961e-02
1.476700e+01	2.060500e-01	1.993817e-02
1.477500e+01	2.062029e-01	1.828636e-02
1.478300e+01	2.063426e-01	1.663427e-02
1.479100e+01	2.064691e-01	1.498202e-02
1.479900e+01	2.065823e-01	1.332969e-02
1.480700e+01	2.066824e-01	1.167741e-02
1.481500e+01	2.067692e-01	1.002528e-02
1.482300e+01	2.068428e-01	8.373387e-03
1.483100e+01	2.069032e-01	6.721850e-03
1.483900e+01	2.069503e-01	5.070770e-03
1.484700e+01	2.069843e-01	3.420249e-03
1.485500e+01	2.070051e-01	1.770393e-03
1.486300e+01	2.070126e-01	1.213055e-04
1.487100e+01	2.070070e-01	-1.526911e-03
1.487900e+01	2.069882e-01	-3.174152e-03
1.488700e+01	2.069562e-01	-4.820315e-03
1.489500e+01	2.069111e-01	-6.465295e-03
1.490300e+01	2.068528e-01	-8.108991e-03
1.491100e+01	2.067813e-01	-9.751298e-03
1.491900e+01	2.066968e-01	-1.139211e-02
1.492700e+01	2.065991e-01	-1.303134e-02
1.493500e+01	2.064883e-01	-1.466886e-02
1.494300e+01	2.063644e-01	-1.630459e-02
1.495100e+01	2.062274e-01	-1.793841e-02
1.495900e+01	2.060774e-01	-1.957023e-02
1.496700e+01	2.059143e-01	-2.119995e-02
1.497500e+01	2.057382e-01	-2.282746e-02
1.498300e+01	2.055490e-01	-2.445266e-02
1.499100e+01	2.053469e-01	-2.607544e-02
1.499900e+01	2.051318e-01	-2.769572e-02
1.500700e+01	2.049038e-01	-2.931339e-02
1.501500e+01	2.046628e-01	-3.092834e-02
1.502300e+01	2.044090e-01	-3.254048e-02
1.503100e+01	2.041422e-01	-3.414970e-02
1.503900e+01	2.038626e-01	-3.575591e-02
1.504700e+01	2.035701e-01	-3.735901e-02
1.505500e+01	2.032648e-01	-3.895889e-02
1.506300e+01	2.029468e-01	-4.055546e-02
1.507100e+01	2.026160e-01	-4.214861e-02
1.507900e+01	2.022724e-01	-4.373826e-02
1.508700e+01	2.019161e-01	-4.532430e-02
1.509500e+01	2.015472e-01	-4.690663e-02
1.510300e+01	2.011657e-01	-4.848515e-02
1.511100e+01	2.007715e-01	-5.005977e-02
1.511900e+01	2.003647e-01	-5.163039e-02
1.512700e+01	1.999454e-01	-5.319691e-02
1.513500e+01	1.995136e-01	-5.475923e-02
1.514300e+01	1.990693e-01	-5.631727e-02
1.515100e+01	1.986125e-01	-5.787091e-02
1.515900e+01	1.981433e-01	-5.942008e-02
1.516700e+01	1.976618e-01	-6.096466e-02
1.517500e+01	1.971679e-01	-6.250457e-02
1.518300e+01	1.966617e-01	-6.403972e-02
1.519100e+01	1.961433e-01	-6.557000e-02
1.519900e+01	1.956126e-01	-6.709532e-02
1.520700e+01	1.950698e-01	-6.861559e-02
1.521500e+01	1.945148e-01	-7.013071e-02
1.522300e+01	1.939477e-01	-7.164060e-02
1.523100e+01	1.933686e-01	-7.314516e-02
1.523900e+01	1.927774e-01	-7.464429e-02
1.524700e+01	1.921743e-01	-7.613791e-02
1.525500e+01	1.915592e-01	-7.762592e-02
1.526300e+01	1.909323e-01	-7.910824e-02
1.527100e+01	1.902935e-01	-8.058477e-02
1.527900e+01	1.896429e-01	-8.205542e-02
1.528700e+01	1.889806e-01	-8.352010e-02
1.529500e+01	1.883066e-01	-8.497872e-02
1.530300e+01	1.876210e-01	-8.643120e-02
1.531100e+01	1.869237e-01	-8.787744e-02
1.531900e+01	1.862150e-01	-8.931736e-02
1.532700e+01	1.854947e-01	-9.075087e-02
1.533500e+01	1.847630e-01	-9.217788e-02
1.534300e+01	1.840198e-01	-9.359830e-02
1.535100e+01	1.832654e-01	-9.501205e-02
1.535900e+01	1.824997e-01	-9.641905e-02
1.536700e+01	1.817227e-01	-9.781920e-02
1.537500e+01	1.809346e-01	-9.921242e-02
1.538300e+01	1.801353e-01	-1.005986e-01
1.539100e+01	1.793250e-01	-1.019777e-01
1.539900e+01	1.785037e-01	-1.033497e-01
1.540700e+01	1.776714e-01	-1.047143e-01
1.541500e+01	1.768283e-01	-1.060717e-01
1.542300e+01	1.759743e-01	-1.074216e-01
1.543100e+01	1.751096e-01	-1.087640e-01
1.543900e+01	1.742341e-01	-1.100988e-01
1.544700e+01	1.733480e-01	-1.114259e-01
1.545500e+01	1.724513e-01	-1.127453e-01
1.546300e+01	1.715441e-01	-1.140568e-01
1.547100e+01	1.706264e-01	-1.153604e-01
1.547900e+01	1.696984e-01	-1.166561e-01
1.548700e+01	1.687600e-01	-1.179437e-01
1.549500e+01	1.678113e-01	-1.192231e-01
1.550300e+01	1.668524e-01	-1.204943e-01
1.551100e+01	1.658834e-01	-1.217573e-01
1.551900e+01	1.649043e-01	-1.230118e-01
1.552700e+01	1.639152e-01	-1.242579e-01
1.553500e+01	1.629162e-01	-1.254955e-01
1.554300e+01	1.619073e-01	-1.267245e-01
1.555100e+01	1.608886e-01	-1.279448e-01
1.555900e+01	1.598602e-01	-1.291564e-01
1.556700e+01	1.588222e-01	-1.303592e-01
1.557500e+01	1.577745e-01	-1.315531e-01
1.558300e+01	1.567173e-01	-1.327380e-01
1.559100e+01	1.556507e-01	-1.339139e-01
1.559900e+01	1.545747e-01	-1.350807e-01
1.560700e+01	1.534895e-01	-1.362384e-01
1.561500e+01	1.523950e-01	-1.373868e-01
1.562300e+01	1.512913e-01	-1.385259e-01
1.563100e+01	1.501786e-01	-1.396556e-01
1.563900e+01	1.490568e-01	-1.407759e-01
1.564700e+01	1.479262e-01	-1.418867e-01
1.565500e+01	1.467867e-01	-1.429880e-01
1.566300e+01	1.456384e-01	-1.440796e-01
1.567100e+01	1.444814e-01	-1.451615e-01
1.567900e+01	1.433158e-01	-1.462337e-01
1.568700e+01	1.421417e-01	-1.472960e-01
1.569500e+01	1.409591e-01	-1.483484e-01
1.570300e+01	1.397682e-01	-1.493909e-01
1.571100e+01	1.385689e-01	-1.504234e-01
1.571900e+01	1.373614e-01	-1.514458e-01
1.572700e+01	1.361458e-01	-1.524581e-01
1.573500e+01	1.349221e-01	-1.534602e-01
1.574300e+01	1.336905e-01	-1.544521e-01
1.575100e+01	1.324509e-01	-1.554337e-01
1.575900e+01	1.312035e-01	-1.564049e-01
1.576700e+01	1.299485e-01	-1.573656e-01
1.577500e+01	1.286857e-01	-1.583160e-01
1.578300e+01	1.274154e-01	-1.592557e-01
1.579100e+01	1.261377e-01	-1.601850e-01
1.579900e+01	1.248525e-01	-1.611035e-01
1.580700e+01	1.235600e-01	-1.620114e-01
1.581500e+01	1.222603e-01	-1.629086e-01
1.582300e+01	1.209535e-01	-1.637949e-01
1.583100e+01	1.196396e-01	-1.646705e-01
1.583900e+01	1.183188e-01	-1.655351e-01
1.584700e+01	1.169911e-01	-1.663888e-01
1.585500e+01	1.156566e-01	-1.672315e-01
1.586300e+01	1.143154e-01	-1.680631e-01
1.587100e+01	1.129676e-01	-1.688837e-01
1.587900e+01	1.116133e-01	-1.696932e-01
1.588700e+01	1.102526e-01	-1.704915e-01
1.589500e+01	1.088855e-01	-1.712785e-01
1.590300e+01	1.075122e-01	-1.720543e-01
1.591100e+01	1.061327e-01	-1.728188e-01
1.591900e+01	1.047471e-01	-1.735719e-01
1.592700e+01	1.033555e-01	-1.743137e-01
1.593500e+01	1.019581e-01	-1.750440e-01
1.594300e+01	1.005549e-01	-1.757628e-01
1.595100e+01	9.914593e-02	-1.764701e-01
1.595900e+01	9.773138e-02	-1.771659e-01
1.596700e+01	9.631131e-02	-1.778500e-01
1.597500e+01	9.488581e-02	-1.785226e-01
1.598300e+01	9.345498e-02	-1.791834e-01
1.599100e+01	9.201890e-02	-1.798326e-01
1.599900e+01	9.057769e-02	-1.804700e-01
1.600700e+01	8.913141e-02	-1.810957e-01
1.601500e+01	8.768019e-02	-1.817096e-01
1.602300e+01	8.622409e-02	-1.823116e-01
1.603100e+01	8.476323e-02	-1.829017e-01
1.603900e+01	8.329770e-02	-1.834799e-01
1.604700e+01	8.182758e-02	-1.840462e-01
1.605500e+01	8.035299e-02	-1.846006e-01
1.606300e+01	7.887401e-02	-1.851429e-01
1.607100e+01	7.739073e-02	-1.856732e-01
1.607900e+01	7.590327e-02	-1.861915e-01
1.608700e+01	7.441170e-02	-1.866977e-01
1.609500e+01	7.291614e-02	-1.871918e-01
1.610300e+01	7.141667e-02	-1.876738e-01
1.611100e+01	6.991339e-02	-1.881436e-01
1.611900e+01	6.840640e-02	-1.886012e-01
1.612700e+01	6.689580e-02	-1.890467e-01
1.613500e+01	6.538169e-02	-1.894799e-01
1.614300e+01	6.386416e-02	-1.899009e-01
1.615100e+01	6.234331e-02	-1.903096e-01
1.615900e+01	6.081924e-02	-1.907060e-01
1.616700e+01	5.929204e-02	-1.910901e-01
1.617500e+01	5.776183e-02	-1.914619e-01
1.618300e+01	5.622869e-02	-1.918214e-01
1.619100e+01	5.469272e-02	-1.921685e-01
1.619900e+01	5.315402e-02	-1.925032e-01
1.620700e+01	5.161270e-02	-1.928256e-01
1.621500e+01	5.006885e-02	-1.931355e-01
1.622300e+01	4.852256e-02	-1.934330e-01
1.623100e+01	4.697395e-02	-1.937181e-01
1.623900e+01	4.542311e-02	-1.939908e-01
1.624700e+01	4.387013e-02	-1.942510e-01
1.625500e+01	4.231513e-02	-1.944988e-01
1.626300e+01	4.075819e-02	-1.947340e-01
1.627100e+01	3.919941e-02	-1.949568e-01
1.627900e+01	3.763891e-02	-1.951671e-01
1.628700e+01	3.607677e-02	-1.953650e-01
1.629500e+01	3.451310e-02	-1.955503e-01
1.630300e+01	3.294800e-02	-1.957231e-01
1.631100e+01	3.138157e-02	-1.958834e-01
1.631900e+01	2.981390e-02	-1.960311e-01
1.632700e+01	2.824510e-02	-1.961664e-01
1.633500e+01	2.667527e-02	-1.962891e-01
1.634300e+01	2.510451e-02	-1.963993e-01
1.635100e+01	2.353292e-02	-1.964970e-01
1.635900e+01	2.196059e-02	-1.965822e-01
1.636700e+01	2.038763e-02	-1.966548e-01
1.637500e+01	1.881415e-02	-1.967149e-01
1.638300e+01	1.724023e-02	-1.967625e-01
1.639100e+01	1.566598e-02	-1.967976e-01
1.639900e+01	1.409150e-02	-1.968201e-01
1.640700e+01	1.251689e-02	-1.968302e-01
1.641500e+01	1.094225e-02	-1.968277e-01
1.642300e+01	9.367682e-03	-1.968127e-01
1.643100e+01	7.793282e-03	-1.967853e-01
1.643900e+01	6.219151e-03	-1.967454e-01
1.644700e+01	4.645389e-03	-1.966929e-01
1.645500e+01	3.072097e-03	-1.966281e-01
1.646300e+01	1.499374e-03	-1.965507e-01
1.647100e+01	-7.268137e-05	-1.964609e-01
1.647900e+01	-1.643968e-03	-1.963587e-01
1.648700e+01	-3.214388e-03	-1.962441e-01
1.649500e+01	-4.783841e-03	-1.961170e-01
1.650300e+01	-6.352228e-03	-1.959776e-01
1.651100e+01	-7.919449e-03	-1.958258e-01
1.651900e+01	-9.485407e-03	-1.956616e-01
1.652700e+01	-1.105000e-02	-1.954851e-01
1.653500e+01	-1.261314e-02	-1.952962e-01
1.654300e+01	-1.417471e-02	-1.950950e-01
1.655100e+01	-1.573462e-02	-1.948815e-01
1.655900e+01	-1.729278e-02	-1.946558e-01
1.656700e+01	-1.884908e-02	-1.944178e-01
1.657500e+01	-2.040343e-02	-1.941676e-01
1.658300e+01	-2.195573e-02	-1.939051e-01
1.659100e+01	-2.350588e-02	-1.936305e-01
1.659900e+01	-2.505379e-02	-1.933437e-01
1.660700e+01	-2.659935e-02	-1.930447e-01
1.661500e+01	-2.814247e-02	-1.927336e-01
1.662300e+01	-2.968305e-02	-1.924105e-01
1.663100e+01	-3.122100e-02	-1.920752e-01
1.663900e+01	-3.275622e-02	-1.917279e-01
1.664700e+01	-3.428862e-02	-1.913687e-01
1.665500e+01	-3.581809e-02	-1.909974e-01
1.666300e+01	-3.734455e-02	-1.906142e-01
1.667100e+01	-3.886789e-02	-1.902190e-01
1.667900e+01	-4.038802e-02	-1.898120e-01
1.668700e+01	-4.190485e-02	-1.893930e-01
1.669500e+01	-4.341828e-02	-1.889623e-01
1.670300e+01	-4.492821e-02	-1.885198e-01
1.671100e+01	-4.643456e-02	-1.880655e-01
1.671900e+01	-4.793723e-02	-1.875994e-01
1.672700e+01	-4.943612e-02	-1.871217e-01
1.673500e+01	-5.093114e-02	-1.866323e-01
1.674300e+01	-5.242221e-02	-1.861313e-01
1.675100e+01	-5.390921e-02	-1.856187e-01
1.675900e+01	-5.539207e-02	-1.850945e-01
1.676700e+01	-5.687069e-02	-1.845589e-01
1.677500e+01	-5.834498e-02	-1.840117e-01
1.678300e+01	-5.981485e-02	-1.834532e-01
1.679100e+01	-6.128020e-02	-1.828832e-01
1.679900e+01	-6.274095e-02	-1.823019e-01
1.680700e+01	-6.419700e-02	-1.817093e-01
1.681500e+01	-6.564827e-02	-1.811054e-01
1.682300e+01	-6.709466e-02	-1.804903e-01
1.683100e+01	-6.853609e-02	-1.798640e-01
1.683900e+01	-6.997246e-02	-1.792266e-01
1.684700e+01	-7.140368e-02	-1.785781e-01
1.685500e+01	-7.282968e-02	-1.779186e-01
1.686300e+01	-7.425035e-02	-1.772481e-01
1.687100e+01	-7.566562e-02	-1.765666e-01
1.687900e+01	-7.707539e-02	-1.758743e-01
1.688700e+01	-7.847958e-02	-1.751711e-01
1.689500e+01	-7.987810e-02	-1.744570e-01
1.690300e+01	-8.127086e-02	-1.737323e-01
1.691100e+01	-8.265778e-02	-1.729968e-01
1.691900e+01	-8.403878e-02	-1.722507e-01
1.692700e+01	-8.541377e-02	-1.714940e-01
1.693500e+01	-8.678266e-02	-1.707268e-01
1.694300e+01	-8.814537e-02	-1.699491e-01
1.695100e+01	-8.950182e-02	-1.691609e-01
1.695900e+01	-9.085192e-02	-1.683624e-01
1.696700e+01	-9.219559e-02	-1.675535e-01
1.697500e+01	-9.353274e-02	-1.667344e-01
1.698300e+01	-9.486331e-02	-1.659050e-01
1.699100e+01	-9.618720e-02	-1.650655e-01
1.699900e+01	-9.750433e-02	-1.642160e-01
1.700700e+01	-9.881463e-02	-1.633563e-01
1.701500e+01	-1.001180e-01	-1.624867e-01
1.702300e+01	-1.014144e-01	-1.616072e-01
1.703100e+01	-1.027037e-01	-1.607178e-01
1.703900e+01	-1.039858e-01	-1.598186e-01
1.704700e+01	-1.052608e-01	-1.589097e-01
1.705500e+01	-1.065284e-01	-1.579911e-01
1.706300e+01	-1.077886e-01	-1.570629e-01
1.707100e+01	-1.090414e-01	-1.561252e-01
1.707900e+01	-1.102866e-01	-1.551779e-01
1.708700e+01	-1.115242e-01	-1.542213e-01
1.709500e+01	-1.127541e-01	-1.532553e-01
1.710300e+01	-1.139762e-01	-1.522800e-01
1.711100e+01	-1.151905e-01	-1.512955e-01
1.711900e+01	-1.163969e-01	-1.503018e-01
1.712700e+01	-1.175954e-01	-1.492990e-01
1.713500e+01	-1.187857e-01	-1.482872e-01
1.714300e+01	-1.199679e-01	-1.472665e-01
1.715100e+01	-1.211419e-01	-1.462368e-01
1.715900e+01	-1.223077e-01	-1.451984e-01
1.716700e+01	-1.234651e-01	-1.441512e-01
1.717500e+01	-1.246141e-01	-1.430953e-01
1.718300e+01	-1.257546e-01	-1.420308e-01
1.719100e+01	-1.268866e-01	-1.409578e-01
1.719900e+01	-1.280099e-01	-1.398764e-01
1.720700e+01	-1.291246e-01	-1.387865e-01
1.721500e+01	-1.302305e-01	-1.376883e-01
1.722300e+01	-1.313275e-01	-1.365819e-01
1.723100e+01	-1.324157e-01	-1.354673e-01
1.723900e+01	-1.334950e-01	-1.343446e-01
1.724700e+01	-1.345652e-01	-1.332139e-01
1.725500e+01	-1.356264e-01	-1.320752e-01
1.726300e+01	-1.366784e-01	-1.309287e-01
1.727100e+01	-1.377212e-01	-1.297744e-01
1.727900e+01	-1.387548e-01	-1.286124e-01
1.728700e+01	-1.397790e-01	-1.274427e-01
1.729500e+01	-1.407939e-01	-1.262655e-01
1.730300e+01	-1.417992e-01	-1.250807e-01
1.731100e+01	-1.427951e-01	-1.238886e-01
1.731900e+01	-1.437814e-01	-1.226892e-01
1.732700e+01	-1.447581e-01	-1.214825e-01
1.733500e+01	-1.457251e-01	-1.202686e-01
1.734300e+01	-1.466824e-01	-1.190476e-01
1.735100e+01	-1.476299e-01	-1.178197e-01
1.735900e+01	-1.485675e-01	-1.165848e-01
1.736700e+01	-1.494952e-01	-1.153431e-01
1.737500e+01	-1.504130e-01	-1.140946e-01
1.738300e+01	-1.513207e-01	-1.128394e-01
1.739100e+01	-1.522184e-01	-1.115776e-01
1.739900e+01	-1.531059e-01	-1.103093e-01
1.740700e+01	-1.539833e-01	-1.090346e-01
1.741500e+01	-1.548505e-01	-1.077535e-01
1.742300e+01	-1.557074e-01	-1.064662e-01
1.743100e+01	-1.565539e-01	-1.051727e-01
1.743900e+01	-1.573901e-01	-1.038731e-01
1.744700e+01	-1.582159e-01	-1.025674e-01
1.745500e+01	-1.590312e-01	-1.012559e-01
1.746300e+01	-1.598360e-01	-9.993850e-02
1.747100e+01	-1.606302e-01	-9.861536e-02
1.747900e+01	-1.614138e-01	-9.728656e-02
1.748700e+01	-1.621867e-01	-9.595217e-02
1.749500e+01	-1.629490e-01	-9.461229e-02
1.750300e+01	-1.637005e-01	-9.326700e-02
1.751100e+01	-1.644413e-01	-9.191640e-02
1.751900e+01	-1.651712e-01	-9.056057e-02
1.752700e+01	-1.658902e-01	-8.919959e-02
1.753500e+01	-1.665984e-01	-8.783357e-02
1.754300e+01	-1.672955e-01	-8.646258e-02
1.755100e+01	-1.679817e-01	-8.508671e-02
1.755900e+01	-1.686569e-01	-8.370605e-02
1.756700e+01	-1.693210e-01	-8.232071e-02
1.757500e+01	-1.699740e-01	-8.093075e-02
1.758300e+01	-1.706159e-01	-7.953628e-02
1.759100e+01	-1.712466e-01	-7.813738e-02
1.759900e+01	-1.718661e-01	-7.673415e-02
1.760700e+01	-1.724743e-01	-7.532667e-02
1.761500e+01	-1.730713e-01	-7.391504e-02
1.762300e+01	-1.736570e-01	-7.249934e-02
1.763100e+01	-1.742313e-01	-7.107968e-02
1.763900e+01	-1.747942e-01	-6.965614e-02
1.764700e+01	-1.753458e-01	-6.822881e-02
1.765500e+01	-1.758859e-01	-6.679778e-02
1.766300e+01	-1.764145e-01	-6.536316e-02
1.767100e+01	-1.769317e-01	-6.392502e-02
1.767900e+01	-1.774373e-01	-6.248347e-02
1.768700e+01	-1.779314e-01	-6.103859e-02
1.769500e+01	-1.784139e-01	-5.959048e-02
1.770300e+01	-1.788849e-01	-5.813923e-02
1.771100e+01	-1.793442e-01	-5.668494e-02
1.771900e+01	-1.797918e-01	-5.522769e-02
1.772700e+01	-1.802278e-01	-5.376759e-02
1.773500e+01	-1.806521e-01	-5.230473e-02
1.774300e+01	-1.810647e-01	-5.083919e-02
1.775100e+01	-1.814655e-01	-4.937108e-02
1.775900e+01	-1.818546e-01	-4.790049e-02
1.776700e+01	-1.822319e-01	-4.642751e-02
1.777500e+01	-1.825974e-01	-4.495224e-02
1.778300e+01	-1.829511e-01	-4.347477e-02
1.779100e+01	-1.832930e-01	-4.199519e-02
1.779900e+01	-1.836230e-01	-4.051361e-02
1.780700e+01	-1.839412e-01	-3.903011e-02
1.781500e+01	-1.842475e-01	-3.754479e-02
1.782300e+01	-1.845419e-01	-3.605775e-02
1.783100e+01	-1.848244e-01	-3.456908e-02
1.783900e+01	-1.850950e-01	-3.307887e-02
1.784700e+01	-1.853537e-01	-3.158723e-02
1.785500e+01	-1.856004e-01	-3.009424e-02
1.786300e+01	-1.858352e-01	-2.860000e-02
1.787100e+01	-1.860580e-01	-2.710461e-02
1.787900e+01	-1.862689e-01	-2.560816e-02
1.788700e+01	-1.864678e-01	-2.411074e-02
1.789500e+01	-1.866546e-01	-2.261246e-02
1.790300e+01	-1.868296e-01	-2.111341e-02
1.791100e+01	-1.869925e-01	-1.961368e-02
1.791900e+01	-1.871434e-01	-1.811337e-02
1.792700e+01	-1.872823e-01	-1.661257e-02
1.793500e+01	-1.874092e-01	-1.511138e-02
1.794300e+01	-1.875241e-01	-1.360989e-02
1.795100e+01	-1.876269e-01	-1.210821e-02
1.795900e+01	-1.877178e-01	-1.060642e-02
1.796700e+01	-1.877966e-01	-9.104619e-03
1.797500e+01	-1.878635e-01	-7.602905e-03
1.798300e+01	-1.879183e-01	-6.101371e-03
1.799100e+01	-1.879611e-01	-4.600113e-03
1.799900e+01	-1.879919e-01	-3.099226e-03
1.800700e+01	-1.880107e-01	-1.598804e-03
1.801500e+01	-1.880175e-01	-9.894306e-05
1.802300e+01	-1.880123e-01	1.400262e-03
1.803100e+01	-1.879951e-01	2.898718e-03
1.803900e+01	-1.879659e-01	4.396328e-03
1.804700e+01	-1.879247e-01	5.892999e-03
1.805500e+01	-1.878716e-01	7.388635e-03
1.806300e+01	-1.878065e-01	8.883144e-03
1.807100e+01	-1.877295e-01	1.037643e-02
1.807900e+01	-1.876405e-01	1.186840e-02
1.808700e+01	-1.875396e-01	1.335896e-02
1.809500e+01	-1.874267e-01	1.484801e-02
1.810300e+01	-1.873020e-01	1.633547e-02
1.811100e+01	-1.871654e-01	1.782123e-02
1.811900e+01	-1.870169e-01	1.930521e-02
1.812700e+01	-1.868565e-01	2.078731e-02
1.813500e+01	-1.866843e-01	2.226743e-02
1.814300e+01	-1.865002e-01	2.374550e-02
1.815100e+01	-1.863044e-01	2.522140e-02
1.815900e+01	-1.860967e-01	2.669505e-02
1.816700e+01	-1.858772e-01	2.816637e-02
1.817500e+01	-1.856460e-01	2.963524e-02
1.818300e+01	-1.854031e-01	3.110159e-02
1.819100e+01	-1.851484e-01	3.256532e-02
1.819900e+01	-1.848821e-01	3.402634e-02
1.820700e+01	-1.846040e-01	3.548456e-02
1.821500e+01	-1.843143e-01	3.693988e-02
1.822300e+01	-1.840130e-01	3.839222e-02
1.823100e+01	-1.837000e-01	3.984148e-02
1.823900e+01	-1.833755e-01	4.128758e-02
1.824700e+01	-1.830394e-01	4.273042e-02
1.825500e+01	-1.826918e-01	4.416992e-02
1.826300e+01	-1.823327e-01	4.560598e-02
1.827100e+01	-1.819622e-01	4.703851e-02
1.827900e+01	-1.815801e-01	4.846743e-02
1.828700e+01	-1.811867e-01	4.989264e-02
1.829500e+01	-1.807819e-01	5.131406e-02
1.830300e+01	-1.803657e-01	5.273160e-02
1.831100e+01	-1.799382e-01	5.414517e-02
1.831900e+01	-1.794994e-01	5.555469e-02
1.832700e+01	-1.790493e-01	5.696006e-02
1.833500e+01	-1.785880e-01	5.836119e-02
1.834300e+01	-1.781155e-01	5.975801e-02
1.835100e+01	-1.776319e-01	6.115042e-02
1.835900e+01	-1.771371e-01	6.253833e-02
1.836700e+01	-1.766313e-01	6.392167e-02
1.837500e+01	-1.761144e-01	6.530034e-02
1.838300e+01	-1.755865e-01	6.667427e-02
1.839100e+01	-1.750476e-01	6.804335e-02
1.839900e+01	-1.744978e-01	6.940752e-02
1.840700e+01	-1.739371e-01	7.076669e-02
1.841500e+01	-1.733656e-01	7.212076e-02
1.842300e+01	-1.727832e-01	7.346966e-02
1.843100e+01	-1.721901e-01	7.481331e-02
1.843900e+01	-1.715862e-01	7.615162e-02
1.844700e+01	-1.709717e-01	7.748451e-02
1.845500e+01	-1.703465e-01	7.881190e-02
1.846300e+01	-1.697107e-01	8.013370e-02
1.847100e+01	-1.690643e-01	8.144983e-02
1.847900e+01	-1.684075e-01	8.276022e-02
1.848700e+01	-1.677402e-01	8.406478e-02
1.849500e+01	-1.670625e-01	8.536343e-02
1.850300e+01	-1.663744e-01	8.665609e-02
1.851100e+01	-1.656760e-01	8.794268e-02
1.851900e+01	-1.649673e-01	8.922313e-02
1.852700e+01	-1.642484e-01	9.049735e-02
1.853500e+01	-1.635194e-01	9.176527e-02
1.854300e+01	-1.627802e-01	9.302680e-02
1.855100e+01	-1.620310e-01	9.428188e-02
1.855900e+01	-1.612717e-01	9.553042e-02
1.856700e+01	-1.605025e-01	9.677235e-02
1.857500e+01	-1.597234e-01	9.800759e-02
1.858300e+01	-1.589344e-01	9.923607e-02
1.859100e+01	-1.581356e-01	1.004577e-01
1.859900e+01	-1.573271e-01	1.016724e-01
1.860700e+01	-1.565089e-01	1.028802e-01
1.861500e+01	-1.556810e-01	1.040809e-01
1.862300e+01	-1.548436e-01	1.052744e-01
1.863100e+01	-1.539967e-01	1.064607e-01
1.863900e+01	-1.531403e-01	1.076398e-01
1.864700e+01	-1.522744e-01	1.088115e-01
1.865500e+01	-1.513993e-01	1.099758e-01
1.866300e+01	-1.505149e-01	1.111326e-01
1.867100e+01	-1.496212e-01	1.122818e-01
1.867900e+01	-1.487184e-01	1.134234e-01
1.868700e+01	-1.478064e-01	1.145573e-01
1.869500e+01	-1.468855e-01	1.156834e-01
1.870300e+01	-1.459555e-01	1.168017e-01
1.871100e+01	-1.450167e-01	1.179121e-01
1.871900e+01	-1.440690e-01	1.190145e-01
1.872700e+01	-1.431125e-01	1.201089e-01
1.873500e+01	-1.421472e-01	1.211952e-01
1.874300e+01	-1.411734e-01	1.222732e-01
1.875100e+01	-1.401909e-01	1.233431e-01
1.875900e+01	-1.391999e-01	1.244046e-01
1.876700e+01	-1.382004e-01	1.254578e-01
1.877500e+01	-1.371926e-01	1.265026e-01
1.878300e+01	-1.361764e-01	1.275389e-01
1.879100e+01	-1.351520e-01	1.285666e-01
1.879900e+01	-1.341194e-01	1.295857e-01
1.880700e+01	-1.330786e-01	1.305961e-01
1.881500e+01	-1.320299e-01	1.315978e-01
1.882300e+01	-1.309731e-01	1.325907e-01
1.883100e+01	-1.299084e-01	1.335747e-01
1.883900e+01	-1.288359e-01	1.345498e-01
1.884700e+01	-1.277557e-01	1.355160e-01
1.885500e+01	-1.266677e-01	1.364731e-01
1.886300e+01	-1.255721e-01	1.374212e-01
1.887100e+01	-1.244690e-01	1.383600e-01
1.887900e+01	-1.233584e-01	1.392897e-01
1.888700e+01	-1.222404e-01	1.402102e-01
1.889500e+01	-1.211150e-01	1.411213e-01
1.890300e+01	-1.199824e-01	1.420231e-01
1.891100e+01	-1.188427e-01	1.429154e-01
1.891900e+01	-1.176958e-01	1.437983e-01
1.892700e+01	-1.165419e-01	1.446717e-01
1.893500e+01	-1.153811e-01	1.455354e-01
1.894300e+01	-1.142134e-01	1.463896e-01
1.895100e+01	-1.130389e-01	1.472341e-01
1.895900e+01	-1.118577e-01	1.480689e-01
1.896700e+01	-1.106698e-01	1.488939e-01
1.897500e+01	-1.094754e-01	1.497091e-01
1.898300e+01	-1.082745e-01	1.505144e-01
1.899100e+01	-1.070672e-01	1.513098e-01
1.899900e+01	-1.058536e-01	1.520952e-01
1.900700e+01	-1.046337e-01	1.528706e-01
1.901500e+01	-1.034077e-01	1.536360e-01
1.902300e+01	-1.021756e-01	1.543913e-01
1.903100e+01	-1.009374e-01	1.551364e-01
1.903900e+01	-9.969340e-02	1.558714e-01
1.904700e+01	-9.844352e-02	1.565961e-01
1.905500e+01	-9.718789e-02	1.573106e-01
1.906300e+01	-9.592658e-02	1.580147e-01
1.907100e+01	-9.465968e-02	1.587085e-01
1.907900e+01	-9.338727e-02	1.593920e-01
1.908700e+01	-9.210944e-02	1.600649e-01
1.909500e+01	-9.082626e-02	1.607275e-01
1.910300e+01	-8.953783e-02	1.613795e-01
1.911100e+01	-8.824422e-02	1.620210e-01
1.911900e+01	-8.694552e-02	1.626519e-01
1.912700e+01	-8.564182e-02	1.632722e-01
1.913500e+01	-8.433319e-02	1.638818e-01
1.914300e+01	-8.301974e-02	1.644808e-01
1.915100e+01	-8.170153e-02	1.650690e-01
1.915900e+01	-8.037866e-02	1.656465e-01
1.916700e+01	-7.905121e-02	1.662132e-01
1.917500e+01	-7.771928e-02	1.667691e-01
1.918300e+01	-7.638294e-02	1.673142e-01
1.919100e+01	-7.504228e-02	1.678484e-01
1.919900e+01	-7.369739e-02	1.683717e-01
1.920700e+01	-7.234836e-02	1.688840e-01
1.921500e+01	-7.099528e-02	1.693854e-01
1.922300e+01	-6.963823e-02	1.698758e-01
1.923100e+01	-6.827729e-02	1.703552e-01
1.923900e+01	-6.691257e-02	1.708235e-01
1.924700e+01	-6.554415e-02	1.712808e-01
1.925500e+01	-6.417211e-02	1.717270e-01
1.926300e+01	-6.279654e-02	1.721621e-01
1.927100e+01	-6.141754e-02	1.725860e-01
1.927900e+01	-6.003520e-02	1.729988e-01
1.928700e+01	-5.864959e-02	1.734004e-01
1.929500e+01	-5.726082e-02	1.737909e-01
1.930300e+01	-5.586897e-02	1.741700e-01
1.931100e+01	-5.447413e-02	1.745380e-01
1.931900e+01	-5.307639e-02	1.748947e-01
1.932700e+01	-5.167584e-02	1.752401e-01
1.933500e+01	-5.027258e-02	1.755742e-01
1.934300e+01	-4.886669e-02	1.758970e-01
1.935100e+01	-4.745826e-02	1.762085e-01
1.935900e+01	-4.604738e-02	1.765086e-01
1.936700e+01	-4.463415e-02	1.767974e-01
1.937500e+01	-4.321866e-02	1.770748e-01
1.938300e+01	-4.180099e-02	1.773408e-01
1.939100e+01	-4.038123e-02	1.775954e-01
1.939900e+01	-3.895949e-02	1.778386e-01
1.940700e+01	-3.753585e-02	1.780704e-01
1.941500e+01	-3.611039e-02	1.782908e-01
1.942300e+01	-3.468322e-02	1.784997e-01
1.943100e+01	-3.325443e-02	1.786972e-01
1.943900e+01	-3.182410e-02	1.788832e-01
1.944700e+01	-3.039233e-02	1.790578e-01
1.945500e+01	-2.895920e-02	1.792209e-01
1.946300e+01	-2.752482e-02	1.793725e-01
1.947100e+01	-2.608927e-02	1.795127e-01
1.947900e+01	-2.465265e-02	1.796414e-01
1.948700e+01	-2.321504e-02	1.797585e-01
1.949500e+01	-2.177654e-02	1.798642e-01
1.950300e+01	-2.033725e-02	1.799584e-01
1.951100e+01	-1.889724e-02	1.800411e-01
1.951900e+01	-1.745662e-02	1.801123e-01
1.952700e+01	-1.601547e-02	1.801721e-01
1.953500e+01	-1.457390e-02	1.802203e-01
1.954300e+01	-1.313198e-02	1.802570e-01
1.955100e+01	-1.168981e-02	1.802823e-01
1.955900e+01	-1.024749e-02	1.802960e-01
1.956700e+01	-8.805108e-03	1.802983e-01
1.957500e+01	-7.362751e-03	1.802891e-01
1.958300e+01	-5.920513e-03	1.802685e-01
1.959100e+01	-4.478486e-03	1.802363e-01
1.959900e+01	-3.036762e-03	1.801927e-01
1.960700e+01	-1.595433e-03	1.801377e-01
1.961500e+01	-1.545897e-04	1.800712e-01
1.962300e+01	1.285676e-03	1.799933e-01
1.963100e+01	2.725272e-03	1.799039e-01
1.963900e+01	4.164108e-03	1.798031e-01
1.964700e+01	5.602092e-03	1.796910e-01
1.965500e+01	7.039133e-03	1.795674e-01
1.966300e+01	8.475140e-03	1.794325e-01
1.967100e+01	9.910023e-03	1.792862e-01
1.967900e+01	1.134369e-02	1.791285e-01
1.968700e+01	1.277605e-02	1.789595e-01
1.969500e+01	1.420701e-02	1.787792e-01
1.970300e+01	1.563648e-02	1.785875e-01
1.971100e+01	1.706438e-02	1.783846e-01
1.971900e+01	1.849061e-02	1.781704e-01
1.972700e+01	1.991508e-02	1.779450e-01
1.973500e+01	2.133770e-02	1.777083e-01
1.974300e+01	2.275838e-02	1.774604e-01
1.975100e+01	2.417703e-02	1.772013e-01
1.975900e+01	2.559357e-02	1.769310e-01
1.976700e+01	2.700790e-02	1.766496e-01
1.977500e+01	2.841993e-02	1.763570e-01
1.978300e+01	2.982958e-02	1.760533e-01
1.979100e+01	3.123676e-02	1.757386e-01
1.979900e+01	3.264137e-02	1.754127e-01
1.980700e+01	3.404333e-02	1.750759e-01
1.981500e+01	3.544255e-02	1.747280e-01
1.982300e+01	3.683895e-02	1.743692e-01
1.983100e+01	3.823243e-02	1.739994e-01
1.983900e+01	3.962291e-02	1.736186e-01
1.984700e+01	4.101030e-02	1.732270e-01
1.985500e+01	4.239451e-02	1.728245e-01
1.986300e+01	4.377546e-02	1.724111e-01
1.987100e+01	4.515306e-02	1.719870e-01
1.987900e+01	4.652723e-02	1.715520e-01
1.988700e+01	4.789787e-02	1.711064e-01
1.989500e+01	4.926490e-02	1.706500e-01
1.990300e+01	5.062824e-02	1.701829e-01
1.991100e+01	5.198780e-02	1.697052e-01
1.991900e+01	5.334349e-02	1.692168e-01
1.992700e+01	5.469524e-02	1.687179e-01
1.993500e+01	5.604295e-02	1.682084e-01
1.994300e+01	5.738655e-02	1.676885e-01
1.995100e+01	5.872594e-02	1.671580e-01
1.995900e+01	6.006105e-02	1.666172e-01
1.996700e+01	6.139179e-02	1.660659e-01
1.997500e+01	6.271807e-02	1.655043e-01
1.998300e+01	6.403983e-02	1.649324e-01
1.999100e+01	6.535697e-02	1.643502e-01
