      0.00000      1.03299     0.599835
     0.300000     0.837043     0.162887
     0.600000     0.362445     0.163548
     0.900000     -3.03041     -1.57913
      1.20000     -3.27816     -1.58183
      1.50000     -1.12529     -1.07287
      1.80000      1.34620     0.779479
      2.10000      3.42234      1.75757
      2.40000      4.23288      1.71935
      2.70000      4.16105      2.27200
      3.00000      1.24406      1.27459
      3.30000     -1.34764    -0.549204
      3.60000     -2.54935     -1.62384
      3.90000     -2.07639     -1.47201
      4.20000     -2.11844     -1.71896
      4.50000   -0.0649744    0.0132464
      4.80000      1.04026      1.32873
      5.10000      3.28113      2.05924
      5.40000      4.29782      2.13473
      5.70000      6.23721      2.66600
      6.00000      3.93750      2.02824
      6.30000     0.912473     0.628615
      6.60000     -2.10285     -1.32794
      6.90000     -1.11810     -1.01126
      7.20000     -1.61660     -1.11572
      7.50000     -2.53173     -1.46971
      7.80000     -2.36331     -1.54304
      8.10000     -1.09774    -0.760619
      8.40000     0.297573     0.638730
      8.70000      1.94075      1.77500
      9.00000      4.37372      2.25014
      9.30000      2.12195     0.768063
      9.60000    -0.574237      0.00000
      9.90000     -2.50719    -0.736963
      10.2000     -2.00646    -0.541393
      10.5000    -0.967770    -0.133831
      10.8000      1.52771      1.31173
      11.1000      2.27754      1.58161
      11.4000      2.65897      1.43214
      11.7000     0.676425     -1.03789
      12.0000     -2.06166     -2.17274
      12.3000     -2.89751     -1.80576
      12.6000     -1.14963   -0.0286562
      12.9000     -3.59507     -1.71677
      13.2000     -2.16040     -1.86014
      13.5000     0.752343    -0.956213
      13.8000      1.40598    -0.243313
      14.1000    -0.571778    -0.769460
      14.4000     0.455418     0.326785
      14.7000     0.754823     0.780675
      15.0000      1.03325      1.15419
      15.3000      2.95158      2.35508
      15.6000      3.38347      2.43317
      15.9000      3.02587      1.06794
      16.2000     -1.71834     -2.58515
      16.5000     -4.14602     -3.54411
      16.8000     -4.01906     -2.20300
      17.1000     -1.45657    -0.589656
      17.4000   -0.0877593     0.744533
      17.7000      1.78054      2.35068
      18.0000      3.27466      2.44300
      18.3000      3.90434      3.17073
      18.6000      1.05582      1.01642
      18.9000     -2.21136     -1.08418
      19.2000     -1.89398     -2.12931
      19.5000    0.0468674    -0.487485
      19.8000   -0.0903420    -0.433220
      20.1000     0.123493    -0.766345
      20.4000     -1.93308     -1.13584
      20.7000     -2.38420    -0.865783
      21.0000      0.00000    0.0988338
      21.3000      2.94145      1.50246
      21.6000      5.46166      2.98457
      21.9000      5.56534      3.91849
      22.2000      4.24910      4.01644
      22.5000      2.01577      3.00324
      22.8000     0.469724    -0.577468
      23.1000    -0.685264     -1.19902
      23.4000     -1.13067     -1.08832
      23.7000     0.568712     -1.46970
      24.0000    -0.325647     -1.84415
      24.3000    -0.576460     -1.55714
      24.6000     -1.08083    -0.204690
      24.9000     -1.06622     0.405173
      25.2000    -0.993289     0.207422
      25.5000   0.00219679     0.445401
      25.8000     -1.66763    -0.885795
      26.1000     -1.60550     -1.89649
      26.4000     -1.34872    -0.731047
      26.7000    -0.281319     0.133528
      27.0000     0.511513     0.344099
      27.3000      2.19088      1.73914
      27.6000     0.175484     0.190943
      27.9000    -0.489693    -0.317220
      28.2000    -0.587379    0.0189945
